TDB_past_J2000 sc_2_earth_LVLH_1 sc_2_earth_LVLH_2 sc_2_earth_LVLH_3
922755381.18565 22590343.6826604 87837748.4162455 33899390.5876289
922755391.18565 22907394.2416847 87837697.3227637 33686065.5437247
922755401.18565 23222428.5522788 87837646.2214171 33469776.3332277
922755411.18565 23535418.2289656 87837595.1238727 33250542.4842031
922755421.18565 23846335.0845398 87837544.0423083 33028383.8073791
922755431.18565 24155151.1329536 87837492.9882862 32803320.3970596
922755441.18565 24461838.5926781 87837441.9735466 32575372.62658
922755451.18565 24766369.8896209 87837391.0096083 32344561.1471728
922755461.18565 25068717.6600597 87837340.1077572 32110906.88575
922755471.18565 25368854.7537613 87837289.279444 31874431.0413645
922755481.18565 25666754.2366607 87837238.5356765 31635155.0846916
922755491.18565 25962389.3939176 87837187.8874058 31393100.7544617
922755501.18565 26255733.7327344 87837137.3454728 31148290.055206
922755511.18565 26546760.985237 87837086.9207591 30900745.2543227
922755521.18565 26835445.1111536 87837036.6237598 30650488.8808896
922755531.18565 27121760.3006467 87836986.4648514 30397543.7223397
922755541.18565 27405680.9771463 87836936.4545195 30141932.8211525
922755551.18565 27687181.7999018 87836886.6029315 29883679.4736238
922755561.18565 27966237.6666527 87836836.9199487 29622807.2272376
922755571.18565 28242823.7165432 87836787.4158703 29359339.8755526
922755581.18565 28516915.3323002 87836738.1002482 29093301.4594239
922755591.18565 28788488.1431477 87836688.9828296 28824716.2611784
922755601.18565 29057518.0271715 87836640.0731178 28553608.803347
922755611.18565 29323981.1139893 87836591.3807464 28280003.844579
922755621.18565 29587853.7869883 87836542.9149408 28003926.3787279
922755631.18565 29849112.6858884 87836494.6847784 27725401.631115
922755641.18565 30107734.7092505 87836446.6995531 27444455.0543908
922755651.18565 30363697.0166032 87836398.9681117 27161112.3279962
922755661.18565 30616977.0309377 87836351.4993072 26875399.3536464
922755671.18565 30867552.4409715 87836304.3019203 26587342.2526595
922755681.18565 31115401.2033293 87836257.3845129 26296967.3635616
922755691.18565 31360501.5448914 87836210.7557233 26004301.2379668
922755701.18565 31602831.9648014 87836164.4238123 25709370.6392862
922755711.18565 31842371.2367949 87836118.3972549 25412202.5374722
922755721.18565 32079098.411131 87836072.6841642 25112824.1081193
922755731.18565 32312992.8167654 87836027.2926853 24811262.7279091
922755741.18565 32544034.0633182 87835982.2307992 24507545.9722531
922755751.18565 32772202.0431408 87835937.5064848 24201701.6114858
922755761.18565 32997476.9331483 87835893.1275489 23893757.608475
922755771.18565 33219839.1967852 87835849.101684 23583742.1151818
922755781.18565 33439269.5859432 87835805.4366213 23271683.4688268
922755791.18565 33655749.1426456 87835762.139764 22957610.1902614
922755801.18565 33869259.2010876 87835719.218832 22641550.9779326
922755811.18565 34079781.3890209 87835676.6809965 22323534.708471
922755821.18565 34287297.62984 87835634.5337419 22003590.4295495
922755831.18565 34491790.1439786 87835592.7842566 21681747.3593625
922755841.18565 34693241.4505991 87835551.4396449 21358034.8824298
922755851.18565 34891634.3692891 87835510.5070916 21032482.545415
922755861.18565 35086952.0214957 87835469.9936618 20705120.0547668
922755871.18565 35279177.8319566 87835429.9061871 20375977.2739993
922755881.18565 35468295.5303834 87835390.2517163 20045084.2180399
922755891.18565 35654289.1526145 87835351.0369481 19712471.05273
922755901.18565 35837143.042193 87835312.2686774 19378168.0891747
922755911.18565 36016841.8516575 87835273.95373 19042205.7806485
922755921.18565 36193370.5436869 87835236.0986169 18704614.7210423
922755931.18565 36366714.3925617 87835198.7100224 18365425.6388181
922755941.18565 36536858.9852153 87835161.7944586 18024669.3954488
922755951.18565 36703790.2224998 87835125.3584564 17682376.9808775
922755961.18565 36867494.3202036 87835089.4084447 17338579.5108473
922755971.18565 37027957.8101757 87835053.9507247 16993308.2235059
922755981.18565 37185167.5414617 87835018.9917825 16646594.4741057
922755991.18565 37339110.6810758 87834984.5377755 16298469.7346422
922756001.18565 37489774.7151944 87834950.5950657 15948965.5870476
922756011.18565 37637147.4498544 87834917.1697833 15598113.7224767
922756021.18565 37781217.0119621 87834884.2680977 15245945.9360266
922756031.18565 37921971.8500523 87834851.8961422 14892494.1237606
922756041.18565 38059400.7350708 87834820.0599879 14537790.2793379
922756051.18565 38193492.7610996 87834788.765621 14181866.4906837
922756061.18565 38324237.3461077 87834758.0190763 13824754.9354924
922756071.18565 38451624.2325372 87834727.8263038 13466487.8786671
922756081.18565 38575643.4879036 87834698.1931482 13107097.6689909
922756091.18565 38696285.5054439 87834669.1255101 12746616.734305
922756101.18565 38813541.004563 87834640.6292253 12385077.5789453
922756111.18565 38927401.0313204 87834612.7100299 12022512.780477
922756121.18565 39037856.9589012 87834585.3736758 11658954.9852408
922756131.18565 39144900.4879699 87834558.625803 11294436.9058725
922756141.18565 39248523.6471166 87834532.472166 10928991.3157167
922756151.18565 39348718.7930019 87834506.9182705 10562651.0486643
922756161.18565 39445478.6107682 87834481.9696723 10195448.9928375
922756171.18565 39538796.1142434 87834457.6319347 9827418.08735993
922756181.18565 39628664.6460755 87834433.9105227 9458591.3199048
922756191.18565 39715077.8778771 87834410.8107763 9089001.72350797
922756201.18565 39798029.8103961 87834388.3380954 8718682.37104347
922756211.18565 39877514.7735055 87834366.4977653 8347666.3735992
922756221.18565 39953527.4262805 87834345.2950899 7975986.87536558
922756231.18565 40026062.7569012 87834324.7352063 7603677.05242562
922756241.18565 40095116.0826686 87834304.8232712 7230770.10689621
922756251.18565 40160683.0498614 87834285.5643687 6857299.26456742
922756261.18565 40222759.6335934 87834266.9635117 6483297.77140062
922756271.18565 40281342.1376289 87834249.025617 6108798.89042751
922756281.18565 40336427.1941866 87834231.7556032 5733835.89670391
922756291.18565 40388011.763639 87834215.1582641 5358442.07579347
922756301.18565 40436093.1342145 87834199.2383036 4982650.7199164
922756311.18565 40480668.9216958 87834184.0004255 4606495.12256602
922756321.18565 40521737.0689777 87834169.4491574 4230008.5785811
922756331.18565 40559295.8457008 87834155.5890353 3853224.37682777
922756341.18565 40593343.8477527 87834142.4244383 3476175.80030757
922756351.18565 40623879.9967914 87834129.959678 3098896.12081289
922756361.18565 40650903.5397127 87834118.1989967 2721418.59516321
922756371.18565 40674414.0480613 87834107.1464915 2343776.46417289
922756381.18565 40694411.4174369 87834096.8062055 1966002.94618349
922756391.18565 40710895.8668347 87834087.1820453 1588131.23645198
922756401.18565 40723867.9379672 87834078.2778201 1210194.50226142
922756411.18565 40733328.4945422 87834070.09722 832225.880391912
922756421.18565 40739278.7215041 87834062.6438235 454258.47304296
922756431.18565 40741720.1242447 87834055.9210796 76325.345705701
922756441.18565 40740654.5277717 87834049.9323156 -301540.476883585
922756451.18565 40736084.0758354 87834044.6807281 -679306.014785507
922756461.18565 40728011.2300578 87834040.1693764 -1056938.33337664
922756471.18565 40716438.7689574 87834036.4011774 -1434404.55009934
922756481.18565 40701369.7870298 87834033.3789107 -1811671.83416673
922756491.18565 40682807.6936954 87834031.1051944 -2188707.41289748
922756501.18565 40660756.2123185 87834029.5825121 -2565478.57179294
922756511.18565 40635219.3790688 87834028.8131539 -2941952.66123008
922756521.18565 40606201.5419101 87834028.7992872 -3318097.09534484
922756531.18565 40573707.3593859 87834029.542885 -3693879.35869641
922756541.18565 40537741.7994882 87834031.0457438 -4069267.00786252
922756551.18565 40498310.13848 87834033.3095069 -4444227.67378768
922756561.18565 40455417.9596064 87834036.335591 -4818729.06685728
922756571.18565 40409071.1519162 87834040.1252718 -5192738.97727952
922756581.18565 40359275.9089056 87834044.6796071 -5566225.28012936
922756591.18565 40306038.7272037 87834049.9994319 -5939155.93804801
922756601.18565 40249366.4052911 87834056.0854412 -6311499.00236902
922756611.18565 40189266.0420096 87834062.9380463 -6683222.61890473
922756621.18565 40125745.0352555 87834070.5574963 -7054295.02827453
922756631.18565 40058811.0805062 87834078.9438309 -7424684.56972439
922756641.18565 39988472.1693145 87834088.0968104 -7794359.68493185
922756651.18565 39914736.5878643 87834098.0159965 -8163288.91945576
922756661.18565 39837612.9154611 87834108.7007305 -8531440.92576762
922756671.18565 39757110.0229386 87834120.150093 -8898784.46661549
922756681.18565 39673237.0711426 87834132.3629642 -9265288.41684575
922756691.18565 39586003.5092531 87834145.3379097 -9630921.76754386
922756701.18565 39495419.0732277 87834159.0732728 -9995653.62745128
922756711.18565 39401493.7841642 87834173.5671852 -10359453.2255241
922756721.18565 39304237.9465346 87834188.8174368 -10722289.9150335
922756731.18565 39203662.1465867 87834204.8216087 -11084133.1745793
922756741.18565 39099777.2505744 87834221.5770126 -11444952.6113771
922756751.18565 38992594.4029961 87834239.0806429 -11804717.9641909
922756761.18565 38882125.0248435 87834257.3292143 -12163399.1054516
922756771.18565 38768380.8118651 87834276.319243 -12520966.0429994
922756781.18565 38651373.7326517 87834296.0468745 -12877388.9241228
922756791.18565 38531116.0268736 87834316.5080011 -13232638.0368947
922756801.18565 38407620.2033644 87834337.6981636 -13586683.8134215
922756811.18565 38280899.0383271 87834359.612674 -13939496.8311599
922756821.18565 38150965.5733974 87834382.2465612 -14291047.8157785
922756831.18565 38017833.1136967 87834405.5945027 -14641307.6439874
922756841.18565 37881515.225875 87834429.6507997 -14990247.3459826
922756851.18565 37742025.7362962 87834454.4096091 -15337838.1059884
922756861.18565 37599378.7288739 87834479.8646093 -15684051.2669683
922756871.18565 37453588.5432719 87834506.0093389 -16028858.3304002
922756881.18565 37304669.7726636 87834532.8367867 -16372230.9613286
922756891.18565 37152637.2619611 87834560.339848 -16714140.98739
922756901.18565 36997506.1055683 87834588.5109522 -17054560.4034666
922756911.18565 36839291.6454209 87834617.3422406 -17393461.3725866
922756921.18565 36678009.4689138 87834646.8255869 -17730816.2279218
922756931.18565 36513675.4067615 87834676.9524745 -18066597.475568
922756941.18565 36346305.5308702 87834707.7140107 -18400777.7965072
922756951.18565 36175916.1523434 87834739.1010994 -18733330.0475248
922756961.18565 36002523.8191927 87834771.104198 -19064227.2646568
922756971.18565 35826145.3142973 87834803.713493 -19393442.6640772
922756981.18565 35646797.6531554 87834836.9187659 -19720949.644795
922756991.18565 35464498.0818577 87834870.7096369 -20046721.7891721
922757001.18565 35279264.0746618 87834905.0751413 -20370732.8670998
922757011.18565 35091113.3320344 87834940.0041899 -20692956.8353506
922757021.18565 34900063.7782845 87834975.4852495 -21013367.8410634
922757031.18565 34706133.5593849 87835011.5064661 -21331940.2228899
922757041.18565 34509341.0408107 87835048.0557498 -21648648.5122867
922757051.18565 34309704.8051343 87835085.1205337 -21963467.4364842
922757061.18565 34107243.6498803 87835122.6879208 -22276371.9193731
922757071.18565 33901976.5853462 87835160.7448641 -22587337.0823415
922757081.18565 33693922.8321621 87835199.2778925 -22896338.2472686
922757091.18565 33483101.8190365 87835238.2730922 -23203350.938122
922757101.18565 33269533.1805369 87835277.7162766 -23508350.8817662
922757111.18565 33053236.7548647 87835317.5931537 -23811314.0088088
922757121.18565 32834232.5812775 87835357.8887418 -24112216.4576836
922757131.18565 32612540.8981244 87835398.5881028 -24411034.572932
922757141.18565 32388182.1402288 87835439.6757385 -24707744.9093083
922757151.18565 32161176.9367742 87835481.1359771 -25002324.2315144
922757161.18565 31931546.1087969 87835522.9527097 -25294749.5167863
922757171.18565 31699310.6670389 87835565.109668 -25584997.9550495
922757181.18565 31464491.8094645 87835607.5902256 -25873046.9511572
922757191.18565 31227110.9189002 87835650.3773414 -26158874.1264053
922757201.18565 30987189.5608295 87835693.4538509 -26442457.3186638
922757211.18565 30744749.4809524 87835736.8023243 -26723774.5842514
922757221.18565 30499812.6027049 87835780.4047937 -27002804.2002072
922757231.18565 30252401.0252083 87835824.2434278 -27279524.6629324
922757241.18565 30002537.0205124 87835868.2996836 -27553914.6925967
922757251.18565 29750243.0315157 87835912.5549693 -27825953.23181
922757261.18565 29495541.6695676 87835956.9905375 -28095619.4471624
922757271.18565 29238455.7119289 87836001.5871926 -28362892.7314327
922757281.18565 28979008.0995797 87836046.3256376 -28627752.7033826
922757291.18565 28717221.9346926 87836091.1861543 -28890179.2099638
922757301.18565 28453120.4784012 87836136.1489634 -29150152.3260868
922757311.18565 28186727.1483633 87836181.1940791 -29407652.3561474
922757321.18565 27918065.5162665 87836226.3010479 -29662659.8358884
922757331.18565 27647159.3056911 87836271.4494931 -29915155.5314889
922757341.18565 27374032.3895065 87836316.6186433 -30165120.4421159
922757351.18565 27098708.7876541 87836361.7876534 -30412535.7997232
922757361.18565 26821212.6646702 87836406.9354244 -30657383.0705513
922757371.18565 26541568.3273235 87836452.0405997 -30899643.9559632
922757381.18565 26259800.22232 87836497.0817781 -31139300.3925944
922757391.18565 25975932.9338792 87836542.0374142 -31376334.5534902
922757401.18565 25689991.1813606 87836586.8857863 -31610728.8489744
922757411.18565 25401999.8167935 87836631.6047566 -31842465.9281403
922757421.18565 25111983.8227953 87836676.1725082 -32071528.6773004
922757431.18565 24819968.3099433 87836720.5668419 -32297900.2228629
922757441.18565 24525978.5144661 87836764.7653408 -32521563.9314938
922757451.18565 24230039.7959912 87836808.7456541 -32742503.4099212
922757461.18565 23932177.6351773 87836852.4854266 -32960702.5057845
922757471.18565 23632417.6311857 87836895.9618847 -33176145.3094756
922757481.18565 23330785.4996234 87836939.152532 -33388816.152653
922757491.18565 23027307.06993 87836982.0345048 -33598699.6107145
922757501.18565 22722008.2832673 87837024.5851408 -33805780.5016718
922757511.18565 22414915.1900056 87837066.7815277 -34010043.8879789
922757521.18565 22106053.9475458 87837108.6008365 -34211475.0760501
922757531.18565 21795450.8178767 87837150.0200781 -34410059.6174425
922757541.18565 21483132.1654196 87837191.0165565 -34605783.30804
922757551.18565 21169124.4545629 87837231.5673431 -34798632.189928
922757561.18565 20853454.2473625 87837271.6493786 -34988592.5515198
922757571.18565 20536148.2013763 87837311.2398725 -35175650.9268498
922757581.18565 20217233.0673062 87837350.3160236 -35359794.0966913
922757591.18565 19896735.686644 87837388.8549407 -35541009.0891258
922757601.18565 19574682.9895598 87837426.8340506 -35719283.1787565
922757611.18565 19251101.9924552 87837464.2306489 -35894603.8882236
922757621.18565 18926019.7957594 87837501.0220469 -36066958.9880733
922757631.18565 18599463.5817486 87837537.1858243 -36236336.4963634
922757641.18565 18271460.6121842 87837572.699472 -36402724.6798293
922757651.18565 17942038.2261981 87837607.5408962 -36566112.0528174
922757661.18565 17611223.8379298 87837641.6878983 -36726487.3788093
922757671.18565 17279044.9343583 87837675.1184135 -36883839.6699883
922757681.18565 16945529.0731012 87837707.8105973 -37038158.1871874
922757691.18565 16610703.8801899 87837739.742808 -37189432.4400829
922757701.18565 16274597.0478279 87837770.8934124 -37337652.187793
922757711.18565 15937236.3323114 87837801.2412572 -37482807.4378183
922757721.18565 15598649.5516898 87837830.7650833 -37624888.4475774
922757731.18565 15258864.583721 87837859.444101 -37763885.7230659
922757741.18565 14917909.3636029 87837887.2575213 -37899790.0200445
922757751.18565 14575811.881911 87837914.1849668 -38032592.3430763
922757761.18565 14232600.1823463 87837940.2061425 -38162283.9463467
922757771.18565 13888302.3597251 87837965.3013486 -38288856.3324275
922757781.18565 13542946.5576553 87837989.4505847 -38412301.2543922
922757791.18565 13196560.96667 87838012.6348871 -38532610.7126178
922757801.18565 12849173.821827 87838034.8348409 -38649776.9582429
922757811.18565 12500813.4008398 87838056.0317867 -38763792.4902573
922757821.18565 12151508.0218832 87838076.207376 -38874650.056474
922757831.18565 11801286.0414873 87838095.3434284 -38982342.653756
922757841.18565 11450175.8525338 87838113.4222766 -39086863.5270996
922757851.18565 11098205.8821096 87838130.4264593 -39188206.1702206
922757861.18565 10745404.5894901 87838146.3389337 -39286364.324918
922757871.18565 10391800.4641114 87838161.1430095 -39381331.9810574
922757881.18565 10037422.0235361 87838174.822674 -39473103.3756721
922757891.18565 9682297.81132659 87838187.3617037 -39561672.9947787
922757901.18565 9326456.39518887 87838198.7449356 -39647035.5703017
922757911.18565 8969926.36484479 87838208.9573445 -39729186.0819411
922757921.18565 8612736.33006221 87838217.9842074 -39808119.7565649
922757931.18565 8254914.91870408 87838225.8115479 -39883832.0669748
922757941.18565 7896490.77471659 87838232.4257188 -39956318.7325796
922757951.18565 7537492.55616047 87838237.8134339 -40025575.7190505
922757961.18565 7177948.9332473 87838241.9618628 -40091599.2378296
922757971.18565 6817888.58647926 87838244.8590873 -40154385.7448175
922757981.18565 6457340.20455774 87838246.4930638 -40213931.9423648
922757991.18565 6096332.48260335 87838246.8527394 -40270234.7764798
922758001.18565 5734894.12013389 87838245.9273089 -40323291.4381392
922758011.18565 5373053.81923738 87838243.7067413 -40373099.3617783
922758021.18565 5010840.28262084 87838240.1812998 -40419656.2259886
922758031.18565 4648282.21173519 87838235.3419117 -40462959.9523406
922758041.18565 4285408.30491309 87838229.1799585 -40503008.7054571
922758051.18565 3922247.25550227 87838221.6874958 -40539800.8921446
922758061.18565 3558827.74999406 87838212.8571572 -40573335.1612004
922758071.18565 3195178.46617883 87838202.6819412 -40603610.4034601
922758081.18565 2831328.07133979 87838191.1558182 -40630625.7500557
922758091.18565 2467305.2203824 87838178.2730648 -40654380.5734272
922758101.18565 2103138.55403748 87838164.0285721 -40674874.4862056
922758111.18565 1738856.6970617 87838148.4178818 -40692107.3406808
922758121.18565 1374488.25643467 87838131.437201 -40706079.2283053
922758131.18565 1010061.81956933 87838113.0831291 -40716790.4798072
922758141.18565 645605.952554969 87838093.3533784 -40724241.6631524
922758151.18565 281149.198340031 87838072.2457702 -40728433.5852152
922758161.18565 -83279.9249667772 87838049.759089 -40729367.2894331
922758171.18565 -447652.925885141 87838025.8924937 -40727044.0565638
922758181.18565 -811941.341279869 87838000.6462043 -40721465.4026831
922758191.18565 -1176116.73810033 87837974.0206316 -40712633.0805322
922758201.18565 -1540150.71510441 87837946.0170423 -40700549.0775432
922758211.18565 -1904014.90454318 87837916.6373894 -40685215.6156602
922758221.18565 -2267680.97390516 87837885.8842575 -40666635.1508983
922758231.18565 -2631120.62755775 87837853.761095 -40644810.3722821
922758241.18565 -2994305.6084822 87837820.2715854 -40619744.2026282
922758251.18565 -3357207.6998931 87837785.4204512 -40591439.7962325
922758261.18565 -3719798.72694562 87837749.2127876 -40559900.5397211
922758271.18565 -4082050.55837787 87837711.6548665 -40525130.0497145
922758281.18565 -4443935.10813497 87837672.7530464 -40487132.1745885
922758291.18565 -4805424.33705794 87837632.514809 -40445910.9916137
922758301.18565 -5166490.25444371 87837590.9479904 -40401470.8080119
922758311.18565 -5527104.91973985 87837548.061497 -40353816.1587701
922758321.18565 -5887240.44408495 87837503.8643706 -40302951.8080485
922758331.18565 -6246868.99197001 87837458.3668149 -40248882.7463047
922758341.18565 -6605962.78281167 87837411.5796301 -40191614.1908777
922758351.18565 -6964494.09252012 87837363.5141337 -40131151.5855159
922758361.18565 -7322435.25509107 87837314.182284 -40067500.5994474
922758371.18565 -7679758.66420838 87837263.5969869 -40000667.1260384
922758381.18565 -8036436.77476461 87837211.7716724 -39930657.283054
922758391.18565 -8392442.1044111 87837158.7203022 -39857477.4119706
922758401.18565 -8747747.23515019 87837104.4577882 -39781134.0763606
922758411.18565 -9102324.81483802 87837048.9995524 -39701634.0621785
922758421.18565 -9456147.55871003 87836992.3616605 -39618984.3767754
922758431.18565 -9809188.25095208 87836934.5609419 -39533192.2479189
922758441.18565 -10161419.7461486 87836875.6148238 -39444265.1234706
922758451.18565 -10512814.9708741 87836815.5414383 -39352210.6704147
922758461.18565 -10863346.9250913 87836754.3593263 -39257036.7748269
922758471.18565 -11212988.6837646 87836692.0880755 -39158751.5396955
922758481.18565 -11561713.3982467 87836628.7476035 -39057363.2858196
922758491.18565 -11909494.2978112 87836564.3585128 -38952880.5502687
922758501.18565 -12256304.6911391 87836498.9421795 -38845312.0854362
922758511.18565 -12602117.9677448 87836432.5204323 -38734666.859028
922758521.18565 -12946907.5994804 87836365.1158891 -38620954.0525407
922758531.18565 -13290647.1419302 87836296.751508 -38504183.0615413
922758541.18565 -13633310.2359492 87836227.4511783 -38384363.4935327
922758551.18565 -13974870.6090221 87836157.2391092 -38261505.168607
922758561.18565 -14315302.0767373 87836086.1401769 -38135618.1178726
922758571.18565 -14654578.5442061 87836014.1798382 -38006712.5828758
922758581.18565 -14992674.0075137 87835941.3841684 -37874799.014723
922758591.18565 -15329562.5551226 87835867.7797899 -37739888.0734629
922758601.18565 -15665218.36925 87835793.3937893 -37601990.6275011
922758611.18565 -15999615.7273443 87835718.2538636 -37461117.7524402
922758621.18565 -16332729.0033985 87835642.3881193 -37317280.7307814
922758631.18565 -16664532.669487 87835565.8254824 -37170491.0500976
922758641.18565 -16995001.2969706 87835488.5949378 -37020760.4040905
922758651.18565 -17324109.5580835 87835410.7264806 -36868100.689444
922758661.18565 -17651832.2271067 87835332.250089 -36712524.0075263
922758671.18565 -17978144.1819324 87835253.1965028 -36554042.6616355
922758681.18565 -18303020.4053203 87835173.5968861 -36392669.1570196
922758691.18565 -18626435.9863151 87835093.4827926 -36228416.2001044
922758701.18565 -18948366.1216131 87835012.8863188 -36061296.6972797
922758711.18565 -19268786.1168542 87834931.8398695 -35891323.7546578
922758721.18565 -19587671.3880538 87834850.376243 -35718510.6769784
922758731.18565 -19904997.462905 87834768.528668 -35542870.9666907
922758741.18565 -20220739.9822285 87834686.331001 -35364418.322542
922758751.18565 -20534874.7010934 87834603.8170089 -35183166.6406118
922758761.18565 -20847377.4903949 87834521.0211948 -34999130.0112652
922758771.18565 -21158224.3380212 87834437.9781742 -34812322.719922
922758781.18565 -21467391.350258 87834354.7228865 -34622759.2456138
922758791.18565 -21774854.7531915 87834271.2909529 -34430454.2591384
922758801.18565 -22080590.8938053 87834187.7177874 -34235422.6245634
922758811.18565 -22384576.2415065 87834104.0392847 -34037679.3964675
922758821.18565 -22686787.3894128 87834020.2918061 -33837239.819077
922758831.18565 -22987201.0555522 87833936.5116321 -33634119.32685
922758841.18565 -23285794.084276 87833852.7354357 -33428333.5422824
922758851.18565 -23582543.4475361 87833769.0000882 -33219898.2755107
922758861.18565 -23877426.2462576 87833685.3428591 -33008829.5228134
922758871.18565 -24170419.7113922 87833601.8006758 -32795143.4678274
922758881.18565 -24461501.2056257 87833518.4113319 -32578856.4771105
922758891.18565 -24750648.2242493 87833435.2121736 -32359985.1030162
922758901.18565 -25037838.3967694 87833352.2410646 -32138546.0799351
922758911.18565 -25323049.4879612 87833269.5356577 -31914556.3254949
922758921.18565 -25606259.3994134 87833187.1341001 -31688032.9374847
922758931.18565 -25887446.1705815 87833105.0744278 -31458993.1947279
922758941.18565 -26166587.9800925 87833023.3944842 -31227454.5563522
922758951.18565 -26443663.1472592 87832942.1327422 -30993434.6583235
922758961.18565 -26718650.1330233 87832861.3271165 -30756951.316076
922758971.18565 -26991527.5414841 87832781.0158936 -30518022.5207063
922758981.18565 -27262274.1210463 87832701.2372008 -30276666.439593
922758991.18565 -27530868.7657765 87832622.0292455 -30032901.4146436
922759001.18565 -27797290.5166272 87832543.4302467 -29786745.9615241
922759011.18565 -28061518.5625806 87832465.478022 -29538218.7699891
922759021.18565 -28323532.2422425 87832388.2108384 -29287338.7000528
922759031.18565 -28583311.0447085 87832311.6664 -29034124.7843391
922759041.18565 -28840834.6110948 87832235.8824659 -28778596.2249765
922759051.18565 -29096082.7357422 87832160.8967609 -28520772.3928684
922759061.18565 -29349035.3674717 87832086.7468681 -28260672.8269753
922759071.18565 -29599672.6107077 87832013.4699464 -27998317.2342925
922759081.18565 -29847974.7269896 87831941.1033075 -27733725.4867388
922759091.18565 -30093922.1359881 87831869.6838309 -27466917.6221661
922759101.18565 -30337495.4168369 87831799.2481535 -27197913.8426303
922759111.18565 -30578675.3095147 87831729.8329367 -26926734.5123044
922759121.18565 -30817442.7158878 87831661.474384 -26653400.1581657
922759131.18565 -31053778.7010015 87831594.2083218 -26377931.4686292
922759141.18565 -31287664.4944395 87831528.0704605 -26100349.2914556
922759151.18565 -31519081.4915348 87831463.0962697 -25820674.6330754
922759161.18565 -31748011.2544774 87831399.3206938 -25538928.6586012
922759171.18565 -31974435.513724 87831336.7784749 -25255132.6894207
922759181.18565 -32198336.1691064 87831275.5038654 -24969308.2032107
922759191.18565 -32419695.2912061 87831215.530948 -24681476.8315131
922759201.18565 -32638495.1223804 87831156.8930699 -24391660.360857
922759211.18565 -32854718.0782631 87831099.6235115 -24099880.7288945
922759221.18565 -33068346.748826 87831043.7549975 -23806160.0251863
922759231.18565 -33279363.8995637 87830989.3196867 -23510520.4901688
922759241.18565 -33487752.4728974 87830936.3494372 -23212984.5127612
922759251.18565 -33693495.589298 87830884.8756011 -22913574.6300657
922759261.18565 -33896576.548455 87830834.9289072 -22612313.5267199
922759271.18565 -34096978.8306428 87830786.5397203 -22309224.0325019
922759281.18565 -34294686.0978885 87830739.7379092 -22004329.121673
922759291.18565 -34489682.1950228 87830694.5524943 -21697651.9134444
922759301.18565 -34681951.1512898 87830651.0124227 -21389215.667035
922759311.18565 -34871477.1810962 87830609.1456112 -21079043.7850151
922759321.18565 -35058244.685546 87830568.9795577 -20767159.8091009
922759331.18565 -35242238.2536488 87830530.5413521 -20453587.4187932
922759341.18565 -35423442.66331 87830493.8571741 -20138350.4326025
922759351.18565 -35601842.8827496 87830458.9527397 -19821472.8045383
922759361.18565 -35777424.0715859 87830425.8530201 -19502978.6242362
922759371.18565 -35950171.5821168 87830394.582381 -19182892.1149251
922759381.18565 -36120070.9604906 87830365.1645191 -18861237.632445
922759391.18565 -36287107.9479152 87830337.6224526 -18538039.6639517
922759401.18565 -36451268.4818545 87830311.9785193 -18213322.8265968
922759411.18565 -36612538.6971958 87830288.2543041 -17887111.8665833
922759421.18565 -36770904.9274029 87830266.4705795 -17559431.6582203
922759431.18565 -36926353.705923 87830246.6476439 -17230307.2004263
922759441.18565 -37078871.7670546 87830228.8047761 -16899763.6187251
922759451.18565 -37228446.0473665 87830212.960639 -16567826.161371
922759461.18565 -37375063.6868077 87830199.133137 -16234520.1987951
922759471.18565 -37518712.0298222 87830187.3392892 -15899871.2230419
922759481.18565 -37659378.6266617 87830177.5954883 -15563904.8446329
922759491.18565 -37797051.2344023 87830169.9172009 -15226646.7931286
922759501.18565 -37931717.8182055 87830164.3191061 -14888122.9147345
922759511.18565 -38063366.5524687 87830160.8151337 -14548359.1706353
922759521.18565 -38191985.8219301 87830159.4182677 -14207381.6368448
922759531.18565 -38317564.222945 87830160.1408349 -13865216.5006783
922759541.18565 -38440090.5645069 87830162.9942167 -13521890.0613461
922759551.18565 -38559553.8694058 87830167.9888803 -13177428.7283199
922759561.18565 -38675943.375492 87830175.1345778 -12831859.0181754
922759571.18565 -38789248.5366867 87830184.4401309 -12485207.5548281
922759581.18565 -38899459.0241322 87830195.9134496 -12137501.0679
922759591.18565 -39006564.7274325 87830209.5617069 -11788766.389567
922759601.18565 -39110555.7556043 87830225.391058 -11439030.4555686
922759611.18565 -39211422.438333 87830243.4068527 -11088320.301677
922759621.18565 -39309155.3270308 87830263.6135599 -10736663.0628275
922759631.18565 -39403745.1959152 87830286.0146952 -10384085.9722425
922759641.18565 -39495183.0431736 87830310.6129395 -10030616.3586636
922759651.18565 -39583460.0920011 87830337.4100295 -9676281.64586661
922759661.18565 -39668567.7917734 87830366.4068925 -9321109.3495158
922759671.18565 -39750497.8190062 87830397.6034486 -8965127.07781618
922759681.18565 -39829242.0785115 87830430.9987468 -8608362.52837338
922759691.18565 -39904792.704491 87830466.5909807 -8250843.48619617
922759701.18565 -39977142.0615359 87830504.3773977 -7892597.82321586
922759711.18565 -40046282.7456824 87830544.3543054 -7533653.4966681
922759721.18565 -40112207.5855453 87830586.5171941 -7174038.54557557
922759731.18565 -40174909.6432376 87830630.8605538 -6813781.0917971
922759741.18565 -40234382.2155145 87830677.3780433 -6452909.33574869
922759751.18565 -40290618.8347252 87830726.0623886 -6091451.55631093
922759761.18565 -40343613.269866 87830776.9054199 -5729436.10846716
922759771.18565 -40393359.5275568 87830829.8980553 -5366891.42205439
922759781.18565 -40439851.8530908 87830885.0303439 -5003845.99902826
922759791.18565 -40483084.731369 87830942.2914138 -4640328.41298814
922759801.18565 -40523052.8879434 87831001.6695461 -4276367.3056591
922759811.18565 -40559751.2899231 87831063.1520942 -3911991.38720131
922759821.18565 -40593175.1469977 87831126.7255688 -3547229.43229695
922759831.18565 -40623319.9123335 87831192.3755694 -3182110.28046859
922759841.18565 -40650181.2835715 87831260.086856 -2816662.83216768
922759851.18565 -40673755.2037379 87831329.8433285 -2450916.04754833
922759861.18565 -40694037.8621477 87831401.628012 -2084898.94563525
922759871.18565 -40711025.6953412 87831475.4230938 -1718640.60117435
922759881.18565 -40724715.3879722 87831551.2099163 -1352170.14341464
922759891.18565 -40735103.8737045 87831628.9689918 -985516.753727712
922759901.18565 -40742188.3360888 87831708.6800081 -618709.663622431
922759911.18565 -40745966.2094213 87831790.3218337 -251778.15312959
922759921.18565 -40746435.1795975 87831873.8725308 115248.450809075
922759931.18565 -40743593.1849605 87831959.3093667 482340.777097668
922759941.18565 -40737438.4171289 87832046.608815 849469.412872992
922759951.18565 -40727969.3218039 87832135.7465723 1216604.90434728
922759961.18565 -40715184.599575 87832226.6975791 1583717.75880609
922759971.18565 -40699083.2067135 87832319.4360162 1950778.44776577
922759981.18565 -40679664.3559421 87832413.9353091 2317757.40897626
922759991.18565 -40656927.5171967 87832510.1681677 2684625.04726857
922760001.18565 -40630872.4183736 87832608.1065771 3051351.73772124
922760011.18565 -40601499.0460556 87832707.7217962 3417907.82805023
922760021.18565 -40568807.6462442 87832808.9844394 3784263.63869916
922760031.18565 -40532798.7250388 87832911.8643923 4150389.46793051
922760041.18565 -40493473.0493383 87833016.3308931 4516255.59192146
922760051.18565 -40450831.6475111 87833122.352547 4881832.26716436
922760061.18565 -40404875.8100399 87833229.8972931 5247089.73365545
922760071.18565 -40355607.0901597 87833338.9324424 5611998.21652274
922760081.18565 -40303027.3044965 87833449.4247484 5976527.92729423
922760091.18565 -40247138.5336484 87833561.3403278 6340649.06785916
922760101.18565 -40187943.1227794 87833674.6447304 6704331.83172929
922760111.18565 -40125443.6822026 87833789.3029699 7067546.40608679
922760121.18565 -40059643.0879032 87833905.2794836 7430262.97497913
922760131.18565 -39990544.4821014 87834022.5382129 7792451.72060583
922760141.18565 -39918151.27374 87834141.0425593 8154082.82652479
922760151.18565 -39842467.1390099 87834260.7554787 8515126.47894356
922760161.18565 -39763496.0218035 87834381.6394324 8875552.86993946
922760171.18565 -39681242.1341658 87834503.6563904 9235332.19991637
922760181.18565 -39595709.9567613 87834626.7679446 9594434.67890009
922760191.18565 -39506904.2392617 87834750.9352117 9952830.53017475
922760201.18565 -39414830.0007656 87834876.1189568 10310489.9915847
922760211.18565 -39319492.5301612 87835002.2795246 10667383.3187985
922760221.18565 -39220897.3864943 87835129.3769358 11023480.7870013
922760231.18565 -39119050.3992966 87835257.3708562 11378752.6937919
922760241.18565 -39013957.6688896 87835386.2206138 11733169.3616578
922760251.18565 -38905625.5666741 87835515.885207 12086701.1404906
922760261.18565 -38794060.7354198 87835646.3233608 12439318.4097103
922760271.18565 -38679270.0895406 87835777.4936426 12790991.5800172
922760281.18565 -38561260.8152167 87835909.3541971 13141691.0982047
922760291.18565 -38440040.3707169 87836041.8630903 13491387.4470221
922760301.18565 -38315616.4865044 87836174.9781406 13840051.1492395
922760311.18565 -38187997.1653646 87836308.6568814 14187652.7705612
922760321.18565 -38057190.6826731 87836442.8568765 14534162.9199286
922760331.18565 -37923205.5863122 87836577.5353427 14879552.2550824
922760341.18565 -37786050.6969239 87836712.6495181 15223791.4825127
922760351.18565 -37645735.1078893 87836848.1565392 15566851.3611544
922760361.18565 -37502268.1853233 87836984.0133378 15908702.705735
922760371.18565 -37355659.5681458 87837120.176825 16249316.3882484
922760381.18565 -37205919.1681176 87837256.6040395 16588663.3397946
922760391.18565 -37053057.1696524 87837393.2518115 16926714.5554664
922760401.18565 -36897084.0298094 87837530.0769594 17263441.0958202
922760411.18565 -36738010.4782983 87837667.0364818 17598814.0884312
922760421.18565 -36575847.5171959 87837804.0872936 17932804.7323542
922760431.18565 -36410606.4209112 87837941.1864035 18265384.2997096
922760441.18565 -36242298.7359829 87838078.290959 18596524.1382966
922760451.18565 -36070936.2808327 87838215.3581179 18926195.6750563
922760461.18565 -35896531.1456224 87838352.3452699 19254370.4176132
922760471.18565 -35719095.6918711 87838489.2097841 19581019.9584588
922760481.18565 -35538642.5523453 87838625.9094362 19906115.9754449
922760491.18565 -35355184.6305406 87838762.4019382 20229630.2370709
922760501.18565 -35168735.100521 87838898.6453667 20551534.6030138
922760511.18565 -34979307.4064331 87839034.59798 20871801.0279487
922760521.18565 -34786915.262163 87839170.2182819 21190401.5639564
922760531.18565 -34591572.6508826 87839305.4650471 21507308.3632586
922760541.18565 -34393293.8245684 87839440.2972423 21822493.6813671
922760551.18565 -34192093.3036297 87839574.6743452 22135929.8784071
922760561.18565 -33987985.8762228 87839708.5559665 22447589.4237264
922760571.18565 -33780986.5978013 87839841.9020819 22757444.8975921
922760581.18565 -33571110.7905653 87839974.6731065 23065468.9936844
922760591.18565 -33358374.0428041 87840106.8298277 23371634.5222514
922760601.18565 -33142792.2082254 87840238.3333077 23675914.4133225
922760611.18565 -32924381.4053695 87840369.1451294 23978281.7184675
922760621.18565 -32703158.0168785 87840499.2272966 24278709.614038
922760631.18565 -32479138.688737 87840628.5422308 24577171.4040245
922760641.18565 -32252340.329505 87840757.0527507 24873640.5229358
922760651.18565 -32022780.1096558 87840884.7224001 25168090.5372762
922760661.18565 -31790475.4605242 87841011.5148934 25460495.1506123
922760671.18565 -31555444.0736621 87841137.3947259 25750828.2039553
922760681.18565 -31317703.8998273 87841262.3267595 26039063.6801713
922760691.18565 -31077273.1480737 87841386.2763998 26325175.7061444
922760701.18565 -30834170.2848908 87841509.2097069 26609138.5550996
922760711.18565 -30588414.0331275 87841631.0932891 26890926.649872
922760721.18565 -30340023.3709727 87841751.8942412 27170514.5658925
922760731.18565 -30089017.5310192 87841871.5804738 27447877.0327778
922760741.18565 -29835415.9990211 87841990.1202626 27722988.9387547
922760751.18565 -29579238.5128761 87842107.4825909 27995825.3322159
922760761.18565 -29320505.061538 87842223.6372593 28266361.4240998
922760771.18565 -29059235.8836242 87842338.5543252 28534572.5926358
922760781.18565 -28795451.466533 87842452.2050107 28800434.3829304
922760791.18565 -28529172.5448586 87842564.5608316 29063922.5127794
922760801.18565 -28260420.0993214 87842675.5940877 29325012.8736724
922760811.18565 -27989215.3553865 87842785.2777841 29583681.5338536
922760821.18565 -27715579.7819881 87842893.5857164 29839904.7407353
922760831.18565 -27439535.0900402 87843000.4922634 30093658.9243423
922760841.18565 -27161103.2311126 87843105.9725791 30344920.6993705
922760851.18565 -26880306.3960033 87843210.0026815 30593666.867629
922760861.18565 -26597167.0131155 87843312.5589851 30839874.4222103
922760871.18565 -26311707.74717 87843413.6190349 31083520.5478639
922760881.18565 -26023951.4974561 87843513.1607979 31324582.625877
922760891.18565 -25733921.3964522 87843611.1633972 31563038.2344907
922760901.18565 -25441640.807986 87843707.6062596 31798865.1541382
922760911.18565 -25147133.3257878 87843802.4698564 32032041.3678387
922760921.18565 -24850422.7718087 87843895.7356026 32262545.064135
922760931.18565 -24551533.194296 87843987.3852425 32490354.6415505
922760941.18565 -24250488.8662811 87844077.4015208 32715448.7091605
922760951.18565 -23947314.2837998 87844165.7682258 32937806.0890909
922760961.18565 -23642034.1639094 87844252.4696218 33157405.8207445
922760971.18565 -23334673.4429315 87844337.4906612 33374227.1627053
922760981.18565 -23025257.2747334 87844420.8175709 33588249.5936257
922760991.18565 -22713811.0285712 87844502.4370234 33799452.8171249
922761001.18565 -22400360.2872386 87844582.3363374 34007816.7636826
922761011.18565 -22084930.8452579 87844660.5041436 34213321.591301
922761021.18565 -21767548.7066057 87844736.9294215 34415947.690658
922761031.18565 -21448240.0828726 87844811.6021173 34615675.6858305
922761041.18565 -21127031.3911271 87844884.5130109 34812486.4371239
922761051.18565 -20803949.2517929 87844955.6536074 35006361.0437802
922761061.18565 -20479020.4865584 87845025.0161884 35197280.8462191
922761071.18565 -20152272.1161706 87845092.5938441 35385227.4283613
922761081.18565 -19823731.3583257 87845158.3806126 35570182.619597
922761091.18565 -19493425.6253055 87845222.3711299 35752128.4980746
922761101.18565 -19161382.5217839 87845284.5607388 35931047.3927017
922761111.18565 -18827629.8426089 87845344.9458564 36106921.8845072
922761121.18565 -18492195.5703189 87845403.5233388 36279734.8105597
922761131.18565 -18155107.8729567 87845460.2910686 36449469.2646975
922761141.18565 -17816395.1015584 87845515.2475463 36616108.6008232
922761151.18565 -17476085.7877847 87845568.3919379 36779636.4349637
922761161.18565 -17134208.641527 87845619.7244348 36940036.6465716
922761171.18565 -16790792.5483522 87845669.2457515 37097293.3819302
922761181.18565 -16445866.5670349 87845716.957475 37251391.0554335
922761191.18565 -16099459.926988 87845762.8616516 37402314.3526937
922761201.18565 -15751602.0257585 87845806.9612427 37550048.2315194
922761211.18565 -15402322.4263838 87845849.2598594 37694577.9246266
922761221.18565 -15051650.8548396 87845889.7620107 37835888.9410658
922761231.18565 -14699617.1972543 87845928.4724568 37973967.0697881
922761241.18565 -14346251.497392 87845965.3970807 38108798.3795329
922761251.18565 -13991583.9537962 87846000.5420823 38240369.2227091
922761261.18565 -13635644.9171876 87846033.9145809 38368666.2358757
922761271.18565 -13278464.8875899 87846065.5221545 38493676.3427413
922761281.18565 -12920074.5116054 87846095.3730334 38615386.7555609
922761291.18565 -12560504.5795644 87846123.4760201 38733784.9771682
922761301.18565 -12199786.0227404 87846149.8408012 38848858.8020596
922761311.18565 -11837949.9103687 87846174.4771478 38960596.3200204
922761321.18565 -11475027.4469007 87846197.3960261 39068985.9153129
922761331.18565 -11111049.9689359 87846218.6085116 39174016.2708953
922761341.18565 -10746048.9423439 87846238.1261637 39275676.3692323
922761351.18565 -10380055.9593373 87846255.9615787 39373955.4927062
922761361.18565 -10013102.7353724 87846272.1273872 39468843.227512
922761371.18565 -9645221.10620915 87846286.6368782 39560329.4638284
922761381.18565 -9276443.02483699 87846299.5039479 39648404.3975018
922761391.18565 -8906800.55841224 87846310.7428971 39733058.5320213
922761401.18565 -8536325.88515409 87846320.3683209 39814282.6802545
922761411.18565 -8165051.29126565 87846328.395589 39892067.9648381
922761421.18565 -7793009.1675135 87846334.8400372 39966405.8214419
922761431.18565 -7420232.00632354 87846339.7179594 40037287.9979133
922761441.18565 -7046752.39887575 87846343.0457313 40104706.5575149
922761451.18565 -6672603.03189253 87846344.840069 40168653.8796865
922761461.18565 -6297816.68411893 87846345.1182198 40229122.6609716
922761471.18565 -5922426.2228913 87846343.8974676 40286105.9173745
922761481.18565 -5546464.60113899 87846341.1957864 40339596.9840964
922761491.18565 -5169964.8540596 87846337.0313637 40389589.5177624
922761501.18565 -4792960.09583771 87846331.4226607 40436077.4974245
922761511.18565 -4415483.51633043 87846324.3883121 40479055.2258829
922761521.18565 -4037568.37771975 87846315.9473277 40518517.3303137
922761531.18565 -3659248.01118114 87846306.1189719 40554458.7635572
922761541.18565 -3280555.81348462 87846294.9226231 40586874.8054161
922761551.18565 -2901525.24363724 87846282.3780796 40615761.0629416
922761561.18565 -2522189.81947268 87846268.5052647 40641113.4719879
922761571.18565 -2142583.11419694 87846253.3240395 40662928.2984931
922761581.18565 -1762738.75301299 87846236.8547664 40681202.1380947
922761591.18565 -1382690.40963897 87846219.117805 40695931.9180172
922761601.18565 -1002471.80284501 87846200.1336182 40707114.8976026
922761611.18565 -622116.6929929 87846179.9226865 40714748.6692112
922761621.18565 -241658.878532609 87846158.5058392 40718831.1581878
922761631.18565 138867.80748824 87846135.903909 40719360.6242442
922761641.18565 519429.5009464 87846112.1375596 40716335.6624304
922761651.18565 899992.310159044 87846087.2277938 40709755.202596
922761661.18565 1280522.3194367 87846061.1954897 40699618.510909
922761671.18565 1660985.59259573 87846034.0615664 40685925.1899742
922761681.18565 2041348.176554 87846005.8469345 40668675.1793768
922761691.18565 2421576.10488915 87845976.572639 40647868.7557661
922761701.18565 2801635.40138168 87845946.2593667 40623506.5342764
922761711.18565 3181492.0836338 87845914.9281248 40595589.4673693
922761721.18565 3561112.16664464 87845882.5995711 40564118.8465536
922761731.18565 3940461.66640489 87845849.2943931 40529096.3017938
922761741.18565 4319506.60353493 87845815.0333491 40490523.8016047
922761751.18565 4698213.00683357 87845779.8368797 40448403.6540419
922761761.18565 5076546.91695844 87845743.7254003 40402738.5061663
922761771.18565 5454474.38998643 87845706.7190676 40353531.3446167
922761781.18565 5831961.50110219 87845668.8380414 40300785.4950516
922761791.18565 6208974.3482013 87845630.1023315 40244504.6224592
922761801.18565 6585479.05548568 87845590.531657 40184692.7314047
922761811.18565 6961441.77718806 87845550.1458157 40121354.1650978
922761821.18565 7336828.70109136 87845508.963941 40054493.606886
922761831.18565 7711606.05228699 87845467.0054453 39984116.0779753
922761841.18565 8085740.09673943 87845424.2893734 39910226.9386182
922761851.18565 8459197.14493269 87845380.8343284 39832831.8879992
922761861.18565 8831943.55556247 87845336.6589446 39751936.9628603
922761871.18565 9203945.7391327 87845291.7816607 39667548.5376386
922761881.18565 9575170.16156993 87845246.220291 39579673.325013
922761891.18565 9945583.34793565 87845199.9927848 39488318.3737539
922761901.18565 10315151.885975 87845153.116506 39393491.0698444
922761911.18565 10683842.4298284 87845105.6087904 39295199.1346839
922761921.18565 11051621.703616 87845057.4866552 39193450.6251602
922761931.18565 11418456.5050109 87845008.7664904 39088253.9337354
922761941.18565 11784313.7090083 87844959.4649973 38979617.7856295
922761951.18565 12149160.2713246 87844909.5978776 38867551.2411152
922761961.18565 12512963.2322225 87844859.1810354 38752063.691999
922761971.18565 12875689.7199323 87844808.2298097 38633164.862606
922761981.18565 13237306.9543981 87844756.7594336 38510864.8078542
922761991.18565 13597782.2506868 87844704.78441 38385173.9138515
922762001.18565 13957083.0227233 87844652.3192303 38256102.8952846
922762011.18565 14315176.7868057 87844599.3781109 38123662.7950625
922762021.18565 14672031.165124 87844545.9747473 37987864.9838892
922762031.18565 15027613.8892986 87844492.1223119 37848721.1592297
922762041.18565 15381892.8040569 87844437.8341286 37706243.3425979
922762051.18565 15734835.8705696 87844383.1228506 37560443.8803967
922762061.18565 16086411.1700127 87844328.0005617 37411335.4424997
922762071.18565 16436586.9072343 87844272.4795333 37258931.0191869
922762081.18565 16785331.4140233 87844216.5713939 37103243.9219173
922762091.18565 17132613.1526209 87844160.28721 36944287.7818353
922762101.18565 17478400.7193558 87844103.6381935 36782076.5466677
922762111.18565 17822662.8478496 87844046.6347119 36616624.4817968
922762121.18565 18165368.412572 87843989.2870128 36447946.1670596
922762131.18565 18506486.4323344 87843931.6052205 36276056.4952344
922762141.18565 18845986.0734439 87843873.5986128 36100970.6724012
922762151.18565 19183836.6533272 87843815.2765402 35922704.2140547
922762161.18565 19520007.6437046 87843756.6476568 35741272.9454773
922762171.18565 19854468.6741092 87843697.7206892 35556692.9981419
922762181.18565 20187189.5350773 87843638.5037791 35368980.8097218
922762191.18565 20518140.181432 87843579.0046165 35178153.1220819
922762201.18565 20847290.7357215 87843519.2308964 34984226.9783078
922762211.18565 21174611.4913083 87843459.1896459 34787219.7226969
