##########################################################################################
### MCD_v6.1 with climatology average solar scenario.
### JD 2462225.03833. Altitude 311500.0 m ALS.
### --------------------------------------------------------------------------------------
### Column 1 is East longitude (degrees)
### Columns 2+ are Density (kg/m3)
### Line 1 is North latitude (degrees)
### --------------------------------------------------------------------------------------
### Retrieved on: 2022-12-29T18:07:17.952624
### Mars Climate Database (c) LMD/OU/IAA/ESA/CNES
##########################################################################################
---- ||   -9.00000e+01   -8.61702e+01   -8.23404e+01   -7.85106e+01   -7.46809e+01   -7.08511e+01   -6.70213e+01   -6.31915e+01   -5.93617e+01   -5.55319e+01   -5.17021e+01   -4.78723e+01   -4.40426e+01   -4.02128e+01   -3.63830e+01   -3.25532e+01   -2.87234e+01   -2.48936e+01   -2.10638e+01   -1.72340e+01   -1.34043e+01   -9.57447e+00   -5.74468e+00   -1.91489e+00    1.91489e+00    5.74468e+00    9.57447e+00    1.34043e+01    1.72340e+01    2.10638e+01    2.48936e+01    2.87234e+01    3.25532e+01    3.63830e+01    4.02128e+01    4.40426e+01    4.78723e+01    5.17021e+01    5.55319e+01    5.93617e+01    6.31915e+01    6.70213e+01    7.08511e+01    7.46809e+01    7.85106e+01    8.23404e+01    8.61702e+01    9.00000e+01
-----------------------------------
-180 ||    1.06494e-13    9.63464e-14    8.49198e-14    8.33422e-14    7.84339e-14    6.00204e-14    4.90892e-14    4.77508e-14    4.45317e-14    4.23113e-14    3.73759e-14    3.39316e-14    2.84178e-14    2.42023e-14    2.02057e-14    1.85494e-14    1.62494e-14    1.48766e-14    1.43769e-14    1.42167e-14    1.40658e-14    1.56005e-14    1.61599e-14    1.65163e-14    1.72761e-14    1.82086e-14    1.89251e-14    2.04141e-14    2.08777e-14    2.18268e-14    2.33807e-14    2.50339e-14    2.66465e-14    2.83378e-14    3.00612e-14    3.18240e-14    3.37868e-14    3.55910e-14    3.74813e-14    3.96374e-14    4.13348e-14    4.30910e-14    4.44512e-14    4.51442e-14    4.50427e-14    4.42635e-14    4.39442e-14    4.23663e-14
-174 ||    1.06493e-13    9.11330e-14    7.76030e-14    8.25108e-14    7.12419e-14    5.39030e-14    4.98691e-14    4.61996e-14    4.60713e-14    4.05627e-14    3.88524e-14    3.21602e-14    2.56693e-14    2.27400e-14    1.95883e-14    1.63371e-14    1.57046e-14    1.33758e-14    1.37964e-14    1.37916e-14    1.38957e-14    1.46441e-14    1.54317e-14    1.57316e-14    1.66947e-14    1.73287e-14    1.81896e-14    1.90884e-14    1.98957e-14    2.05986e-14    2.28010e-14    2.43683e-14    2.59416e-14    2.77710e-14    2.95837e-14    3.16015e-14    3.34877e-14    3.54895e-14    3.77349e-14    3.95969e-14    4.17754e-14    4.34468e-14    4.46167e-14    4.52737e-14    4.49087e-14    4.42432e-14    4.26875e-14    4.23313e-14
-168 ||    1.06493e-13    8.96189e-14    7.93598e-14    7.95453e-14    6.18415e-14    4.86298e-14    4.74787e-14    4.57749e-14    4.31998e-14    3.93435e-14    3.86192e-14    2.87117e-14    2.30857e-14    2.09799e-14    1.72493e-14    1.62080e-14    1.48257e-14    1.35600e-14    1.33875e-14    1.34957e-14    1.36162e-14    1.45942e-14    1.42961e-14    1.48826e-14    1.56882e-14    1.62534e-14    1.71299e-14    1.81066e-14    1.92042e-14    2.07610e-14    2.22320e-14    2.39369e-14    2.55873e-14    2.73181e-14    2.92237e-14    3.12530e-14    3.34155e-14    3.53882e-14    3.76777e-14    3.97870e-14    4.19048e-14    4.34689e-14    4.49901e-14    4.52656e-14    4.50193e-14    4.42678e-14    4.22646e-14    4.23504e-14
-162 ||    1.06517e-13    8.80427e-14    8.05256e-14    7.44953e-14    5.65442e-14    4.65651e-14    4.67754e-14    4.45897e-14    4.24298e-14    3.53715e-14    3.22966e-14    2.64498e-14    2.23039e-14    1.78936e-14    1.65530e-14    1.44541e-14    1.32979e-14    1.31405e-14    1.26613e-14    1.29965e-14    1.30672e-14    1.39638e-14    1.33409e-14    1.42878e-14    1.43094e-14    1.52559e-14    1.62798e-14    1.75143e-14    1.88256e-14    2.02491e-14    2.18845e-14    2.34810e-14    2.52515e-14    2.70644e-14    2.89723e-14    3.10719e-14    3.33981e-14    3.55714e-14    3.77654e-14    4.00274e-14    4.21013e-14    4.37443e-14    4.50777e-14    4.55770e-14    4.51129e-14    4.42972e-14    4.28768e-14    4.23404e-14
-157 ||    1.06475e-13    8.49762e-14    8.08298e-14    6.80092e-14    4.57979e-14    4.50294e-14    4.48990e-14    4.46543e-14    4.07120e-14    3.58430e-14    3.07519e-14    2.55493e-14    2.32301e-14    1.55384e-14    1.50085e-14    1.32889e-14    1.30220e-14    1.20794e-14    1.21744e-14    1.21733e-14    1.28819e-14    1.23289e-14    1.30193e-14    1.40076e-14    1.37479e-14    1.51201e-14    1.59442e-14    1.71926e-14    1.85868e-14    2.00472e-14    2.16159e-14    2.32921e-14    2.50387e-14    2.69196e-14    2.89710e-14    3.11032e-14    3.34060e-14    3.56914e-14    3.80108e-14    4.02721e-14    4.24984e-14    4.40682e-14    4.53058e-14    4.56670e-14    4.51554e-14    4.42517e-14    4.26615e-14    4.23769e-14
-151 ||    1.06527e-13    8.15739e-14    8.06637e-14    6.12941e-14    4.45390e-14    4.50290e-14    4.36551e-14    4.31487e-14    4.33442e-14    3.01363e-14    2.79709e-14    2.33739e-14    1.90659e-14    1.59768e-14    1.37242e-14    1.23004e-14    1.17712e-14    1.14272e-14    1.14201e-14    1.16110e-14    1.16421e-14    1.17557e-14    1.24143e-14    1.28646e-14    1.39974e-14    1.47310e-14    1.58227e-14    1.70022e-14    1.82515e-14    1.94921e-14    2.10617e-14    2.29820e-14    2.49554e-14    2.68482e-14    2.90055e-14    3.11918e-14    3.34743e-14    3.57583e-14    3.82192e-14    4.04946e-14    4.26403e-14    4.41075e-14    4.52050e-14    4.59473e-14    4.50057e-14    4.40478e-14    4.23317e-14    4.23511e-14
-145 ||    1.06477e-13    7.93799e-14    7.86865e-14    5.66867e-14    4.28281e-14    4.27472e-14    4.34564e-14    4.09501e-14    3.80322e-14    3.25965e-14    2.67281e-14    2.11153e-14    1.70939e-14    1.51424e-14    1.30075e-14    1.21458e-14    1.11702e-14    1.13317e-14    1.06563e-14    1.06718e-14    1.10895e-14    1.14065e-14    1.18759e-14    1.34487e-14    1.31722e-14    1.49355e-14    1.51903e-14    1.62080e-14    1.73407e-14    1.94509e-14    2.06486e-14    2.28431e-14    2.43385e-14    2.65725e-14    2.88778e-14    3.11598e-14    3.34766e-14    3.59269e-14    3.94697e-14    4.06305e-14    4.26743e-14    4.42808e-14    4.50846e-14    4.54056e-14    4.45332e-14    4.38187e-14    4.17714e-14    4.23376e-14
-140 ||    1.06445e-13    7.78813e-14    7.59617e-14    5.18551e-14    4.07866e-14    4.00053e-14    4.28652e-14    4.06459e-14    3.66486e-14    3.30385e-14    2.46719e-14    1.86050e-14    1.62832e-14    1.40658e-14    1.21692e-14    1.12990e-14    1.04120e-14    1.05245e-14    1.01843e-14    1.03077e-14    1.04716e-14    1.08970e-14    1.15920e-14    1.21124e-14    1.26947e-14    1.34558e-14    1.49686e-14    1.46309e-14    1.36046e-14    1.55094e-14    1.96451e-14    2.22827e-14    2.36977e-14    2.74664e-14    2.76183e-14    3.10859e-14    3.33688e-14    3.58147e-14    3.82387e-14    4.05182e-14    4.24324e-14    4.40123e-14    4.48288e-14    4.48454e-14    4.46225e-14    4.35948e-14    4.22126e-14    4.23859e-14
-134 ||    1.06486e-13    7.90394e-14    7.21426e-14    4.75810e-14    3.83323e-14    4.01451e-14    4.11847e-14    3.86695e-14    3.38695e-14    2.83324e-14    2.38359e-14    1.86313e-14    1.53809e-14    1.27016e-14    1.10907e-14    1.05798e-14    1.00909e-14    9.88818e-15    9.84293e-15    9.95285e-15    1.00349e-14    1.04578e-14    1.10904e-14    1.15422e-14    1.23534e-14    1.35202e-14    1.40009e-14    1.08503e-14    2.10343e-14    1.58179e-14    1.63591e-14    2.27505e-14    2.26282e-14    2.48132e-14    2.71878e-14    3.02067e-14    3.28624e-14    3.55309e-14    3.79404e-14    4.03667e-14    4.21135e-14    4.35601e-14    4.42720e-14    4.46654e-14    4.43318e-14    4.34639e-14    4.17418e-14    4.23570e-14
-128 ||    1.06535e-13    8.00279e-14    7.06900e-14    4.56633e-14    3.81218e-14    3.97543e-14    3.86174e-14    3.70693e-14    3.31358e-14    2.67216e-14    2.29411e-14    1.78141e-14    1.44445e-14    1.26895e-14    1.02630e-14    1.03842e-14    9.67428e-15    9.54462e-15    9.40072e-15    9.30601e-15    9.26280e-15    9.47329e-15    1.02071e-14    1.09620e-14    1.16088e-14    1.24931e-14    1.35431e-14    1.33980e-14    1.16337e-14    1.43078e-14    1.85941e-14    2.05713e-14    2.23719e-14    2.38727e-14    2.64159e-14    2.91571e-14    3.22671e-14    3.48828e-14    3.74150e-14    3.95571e-14    4.13564e-14    4.26215e-14    4.35408e-14    4.40294e-14    4.38349e-14    4.35465e-14    4.12239e-14    4.23506e-14
-122 ||    1.06494e-13    8.10247e-14    6.68841e-14    4.21897e-14    3.76352e-14    3.80865e-14    4.07058e-14    3.69084e-14    3.17955e-14    2.65228e-14    2.10899e-14    1.66585e-14    1.35817e-14    1.14089e-14    1.04931e-14    9.61556e-15    9.31466e-15    9.05312e-15    8.94894e-15    8.73248e-15    9.31662e-15    8.92207e-15    8.98275e-15    1.01339e-14    1.12235e-14    1.24641e-14    1.34765e-14    1.43493e-14    1.52269e-14    1.67505e-14    1.82599e-14    1.96075e-14    2.10755e-14    2.24237e-14    2.45373e-14    2.73738e-14    3.06471e-14    3.38480e-14    3.63844e-14    3.84561e-14    4.04074e-14    4.18281e-14    4.27751e-14    4.35529e-14    4.35571e-14    4.29195e-14    4.19505e-14    4.23404e-14
-117 ||    1.06496e-13    8.17620e-14    6.31589e-14    4.08886e-14    3.69567e-14    3.76010e-14    3.97067e-14    3.54947e-14    2.99693e-14    2.49584e-14    1.97348e-14    1.56424e-14    1.28500e-14    1.10459e-14    1.00168e-14    9.70937e-15    8.87570e-15    8.66729e-15    8.55765e-15    8.47073e-15    7.91038e-15    7.53564e-15    8.74557e-15    9.44683e-15    1.01338e-14    1.15525e-14    1.25665e-14    1.38878e-14    1.50391e-14    1.59898e-14    1.70706e-14    1.83595e-14    1.93867e-14    2.03910e-14    2.25545e-14    2.51253e-14    2.85883e-14    3.24751e-14    3.48988e-14    3.71815e-14    3.90639e-14    4.04010e-14    4.16435e-14    4.24309e-14    4.31017e-14    4.29640e-14    4.14603e-14    4.23609e-14
-111 ||    1.06501e-13    8.17252e-14    6.04794e-14    3.95927e-14    3.76581e-14    3.62932e-14    3.77915e-14    3.45858e-14    2.84473e-14    2.58875e-14    1.83403e-14    1.50828e-14    1.23220e-14    1.05076e-14    9.28217e-15    8.76394e-15    8.29974e-15    8.24249e-15    8.09691e-15    8.16899e-15    8.59102e-15    8.63835e-15    8.84981e-15    8.47051e-15    1.24199e-14    1.06079e-14    1.13573e-14    1.26685e-14    1.41535e-14    1.53134e-14    1.61501e-14    1.84034e-14    1.85019e-14    1.90130e-14    2.16874e-14    2.40486e-14    2.67001e-14    3.05943e-14    3.32006e-14    3.54908e-14    3.74753e-14    3.92921e-14    4.05755e-14    4.16393e-14    4.21871e-14    4.21043e-14    4.07403e-14    4.23683e-14
-105 ||    1.06472e-13    8.11712e-14    6.02141e-14    3.92479e-14    3.65046e-14    3.61751e-14    3.42806e-14    3.41130e-14    2.68392e-14    2.32598e-14    1.65795e-14    1.37734e-14    1.14933e-14    9.56655e-15    9.15181e-15    7.76652e-15    7.48936e-15    7.41511e-15    7.71508e-15    7.85329e-15    7.84709e-15    8.19328e-15    7.94811e-15    9.08865e-15    9.83654e-15    1.06079e-14    1.28962e-14    1.29297e-14    1.29144e-14    1.41378e-14    1.53030e-14    1.60959e-14    1.72601e-14    1.91873e-14    1.98970e-14    2.32967e-14    2.51201e-14    2.88139e-14    3.14384e-14    3.36706e-14    3.58430e-14    3.76205e-14    3.92364e-14    4.07075e-14    4.16746e-14    4.17947e-14    4.02819e-14    4.23542e-14
-100 ||    1.06495e-13    8.16952e-14    5.86638e-14    3.86818e-14    3.66077e-14    3.69316e-14    3.61898e-14    3.33600e-14    2.77101e-14    2.13771e-14    1.66352e-14    1.28657e-14    1.00559e-14    8.90014e-15    7.97949e-15    7.65646e-15    7.94850e-15    7.15637e-15    7.22969e-15    7.39544e-15    7.60242e-15    7.94592e-15    8.30336e-15    8.82975e-15    9.32135e-15    9.92385e-15    9.61517e-15    1.06172e-14    1.21671e-14    1.35260e-14    1.47567e-14    1.59779e-14    1.76297e-14    1.82366e-14    2.05658e-14    2.17570e-14    2.46981e-14    2.72522e-14    2.94322e-14    3.21391e-14    3.42626e-14    3.62075e-14    3.78962e-14    3.97147e-14    4.10617e-14    4.12328e-14    4.02384e-14    4.23598e-14
-094 ||    1.06488e-13    8.19982e-14    5.50984e-14    3.86479e-14    3.70815e-14    3.69427e-14    3.63066e-14    3.31109e-14    2.54746e-14    2.00642e-14    1.54281e-14    1.17152e-14    8.79163e-15    8.85279e-15    6.98954e-15    6.82523e-15    6.81439e-15    6.78014e-15    6.79278e-15    6.84098e-15    7.01962e-15    7.80402e-15    6.77319e-15    8.15895e-15    8.85425e-15    9.58600e-15    1.02478e-14    1.10330e-14    1.20340e-14    1.30232e-14    1.40296e-14    1.55039e-14    1.69543e-14    1.84705e-14    1.99916e-14    2.21073e-14    2.40461e-14    2.59458e-14    2.82799e-14    3.04978e-14    3.28867e-14    3.49947e-14    3.70733e-14    3.87620e-14    4.02371e-14    4.09912e-14    4.00353e-14    4.23447e-14
-088 ||    1.06496e-13    8.15527e-14    5.43709e-14    3.89554e-14    3.66735e-14    3.92558e-14    3.74544e-14    3.41915e-14    2.55988e-14    2.08240e-14    1.46050e-14    1.09164e-14    8.20692e-15    7.10622e-15    6.53774e-15    6.47080e-15    6.19746e-15    6.15339e-15    6.15217e-15    6.16702e-15    6.14705e-15    7.04890e-15    6.87177e-15    7.66351e-15    8.19366e-15    8.78692e-15    9.68241e-15    1.04056e-14    1.13678e-14    1.26760e-14    1.35354e-14    1.50808e-14    1.63306e-14    1.80532e-14    1.90549e-14    2.09477e-14    2.26012e-14    2.49772e-14    2.72311e-14    2.92597e-14    3.15796e-14    3.37921e-14    3.60330e-14    3.80689e-14    3.97122e-14    4.09460e-14    3.93736e-14    4.23460e-14
-082 ||    1.06473e-13    8.10600e-14    5.68846e-14    3.93355e-14    3.81062e-14    4.13010e-14    3.83000e-14    3.53115e-14    2.77059e-14    1.98637e-14    1.22362e-14    9.92597e-15    7.62656e-15    6.74386e-15    5.81139e-15    5.30834e-15    5.34548e-15    5.41346e-15    5.41674e-15    5.43225e-15    5.54714e-15    6.20174e-15    6.76356e-15    6.67153e-15    7.33568e-15    8.11209e-15    9.04156e-15    9.86853e-15    1.09059e-14    1.19898e-14    1.31025e-14    1.42977e-14    1.59612e-14    1.67947e-14    1.79337e-14    1.94208e-14    2.19056e-14    2.40236e-14    2.61781e-14    2.83037e-14    3.04592e-14    3.28139e-14    3.50406e-14    3.71752e-14    3.92571e-14    4.05253e-14    3.96359e-14    4.23273e-14
-077 ||    1.06489e-13    8.15838e-14    5.72203e-14    4.00258e-14    4.05928e-14    4.20006e-14    3.96955e-14    3.86600e-14    3.04481e-14    2.13187e-14    1.49966e-14    9.37588e-15    6.93042e-15    5.51088e-15    5.23458e-15    4.75382e-15    4.31576e-15    4.48382e-15    4.53000e-15    4.58207e-15    4.83041e-15    4.62566e-15    6.42250e-15    6.13617e-15    6.74113e-15    7.38103e-15    7.76278e-15    8.50480e-15    9.41234e-15    1.06015e-14    1.16179e-14    1.31031e-14    1.40856e-14    1.57028e-14    1.69587e-14    1.89216e-14    2.08072e-14    2.30834e-14    2.53922e-14    2.71907e-14    2.94087e-14    3.16416e-14    3.39828e-14    3.63070e-14    3.85688e-14    3.80818e-14    3.97331e-14    4.23246e-14
-071 ||    1.06445e-13    8.25905e-14    5.55031e-14    3.88427e-14    3.85515e-14    4.13849e-14    4.19196e-14    3.50887e-14    3.56889e-14    2.67164e-14    1.57279e-14    1.02222e-14    6.58745e-15    4.90440e-15    3.82684e-15    3.63518e-15    3.49631e-15    3.80706e-15    3.70361e-15    3.72861e-15    3.15054e-15    4.05522e-15    4.04653e-15    5.01673e-15    5.30336e-15    5.65991e-15    6.54320e-15    7.26719e-15    8.23840e-15    9.41033e-15    1.06979e-14    1.11834e-14    1.25928e-14    1.37657e-14    1.52259e-14    1.68374e-14    1.84146e-14    2.14862e-14    2.38867e-14    2.59276e-14    2.80892e-14    3.05373e-14    3.31177e-14    3.56723e-14    3.80187e-14    3.95980e-14    3.99855e-14    4.23273e-14
-065 ||    1.06473e-13    8.21657e-14    5.67802e-14    4.24568e-14    3.98048e-14    4.06999e-14    4.22937e-14    4.15887e-14    3.97144e-14    3.13953e-14    1.82659e-14    1.32937e-14    7.54266e-15    4.98888e-15    3.65604e-15    3.03020e-15    2.80675e-15    2.67604e-15    2.69545e-15    2.92207e-15    2.30252e-15    4.32253e-15    3.74580e-15    3.77772e-15    4.19565e-15    4.68603e-15    5.26249e-15    5.85798e-15    6.56418e-15    7.59198e-15    8.95661e-15    9.62195e-15    1.09815e-14    1.20059e-14    1.33783e-14    1.51839e-14    1.73471e-14    2.10127e-14    2.21949e-14    2.45489e-14    2.69434e-14    2.95201e-14    3.21970e-14    3.50051e-14    3.75465e-14    3.92906e-14    3.93280e-14    4.23012e-14
-060 ||    1.06371e-13    8.17700e-14    6.15253e-14    4.20528e-14    4.02318e-14    4.13288e-14    4.46231e-14    4.60896e-14    4.39080e-14    3.66473e-14    3.02032e-14    1.71183e-14    9.28105e-15    5.70244e-15    3.99796e-15    3.02966e-15    2.45403e-15    2.25833e-15    2.17873e-15    2.30561e-15    1.50907e-15    2.36874e-15    2.59872e-15    2.92722e-15    3.07755e-15    3.54491e-15    4.13969e-15    4.73923e-15    5.39975e-15    6.25741e-15    6.88819e-15    8.27350e-15    9.54470e-15    1.05814e-14    1.21440e-14    1.34370e-14    1.56700e-14    1.78684e-14    2.06074e-14    2.31577e-14    2.58002e-14    2.84665e-14    3.14114e-14    3.43523e-14    3.71493e-14    3.93644e-14    3.96212e-14    4.22674e-14
-054 ||    1.06353e-13    8.13539e-14    6.23083e-14    4.40284e-14    4.09956e-14    4.30818e-14    4.40587e-14    4.70524e-14    4.79989e-14    4.23228e-14    4.26720e-14    2.59356e-14    1.45212e-14    8.27523e-15    5.02447e-15    3.57416e-15    2.51931e-15    2.05081e-15    1.80440e-15    1.98828e-15    2.09933e-15    1.86128e-15    1.99290e-15    2.05495e-15    2.22857e-15    2.71304e-15    3.15527e-15    3.74349e-15    4.34698e-15    4.91989e-15    5.80827e-15    6.75282e-15    7.99453e-15    8.96651e-15    1.06442e-14    1.23950e-14    1.42506e-14    1.65827e-14    1.92073e-14    2.17785e-14    2.46340e-14    2.76138e-14    3.07288e-14    3.37459e-14    3.65838e-14    3.82669e-14    3.98129e-14    4.22872e-14
-048 ||    1.06453e-13    8.14187e-14    6.38146e-14    4.31331e-14    4.11920e-14    4.18195e-14    4.88047e-14    4.74261e-14    4.38126e-14    5.28740e-14    4.72424e-14    3.31514e-14    2.58442e-14    1.34334e-14    6.74508e-15    4.61260e-15    3.15337e-15    2.33533e-15    1.96364e-15    1.92598e-15    1.72271e-15    1.87911e-15    1.80006e-15    1.71013e-15    1.88653e-15    2.02596e-15    2.29244e-15    2.72532e-15    3.30549e-15    3.92918e-15    4.76339e-15    5.71288e-15    6.70401e-15    7.93424e-15    9.31686e-15    1.09513e-14    1.29799e-14    1.52387e-14    1.78252e-14    2.06214e-14    2.35975e-14    2.68473e-14    3.00987e-14    3.34697e-14    3.64456e-14    3.85814e-14    3.97150e-14    4.22703e-14
-042 ||    1.06431e-13    8.14001e-14    6.66281e-14    4.43695e-14    4.04774e-14    4.09881e-14    3.99232e-14    4.74269e-14    4.80448e-14    4.69122e-14    5.14667e-14    4.44314e-14    3.40312e-14    2.01090e-14    1.44966e-14    7.62992e-15    4.61939e-15    3.17595e-15    2.37074e-15    2.19443e-15    1.72828e-15    1.90174e-15    1.82605e-15    1.67571e-15    1.72464e-15    1.86123e-15    2.04689e-15    2.31645e-15    2.63905e-15    3.13596e-15    3.77726e-15    4.58621e-15    5.61532e-15    6.78930e-15    8.20086e-15    9.86778e-15    1.18357e-14    1.40987e-14    1.66866e-14    1.96010e-14    2.28184e-14    2.61776e-14    2.96438e-14    3.30928e-14    3.63559e-14    3.89884e-14    4.00869e-14    4.22286e-14
-037 ||    1.06423e-13    8.10603e-14    7.03911e-14    4.60242e-14    4.16682e-14    4.08005e-14    4.19142e-14    4.48228e-14    4.94790e-14    4.21060e-14    4.70294e-14    4.28116e-14    3.75281e-14    3.03610e-14    2.10255e-14    1.29426e-14    8.21362e-15    5.23034e-15    3.41187e-15    2.69922e-15    2.30730e-15    1.78304e-15    1.82770e-15    1.85374e-15    1.89327e-15    1.72969e-15    2.04860e-15    2.22080e-15    2.48772e-15    2.78675e-15    3.23831e-15    3.85631e-15    4.69310e-15    5.81175e-15    7.17362e-15    8.87879e-15    1.08540e-14    1.31694e-14    1.58633e-14    1.89535e-14    2.22723e-14    2.58115e-14    2.94739e-14    3.29916e-14    3.62112e-14    3.88411e-14    4.04639e-14    4.23117e-14
-031 ||    1.06441e-13    8.08308e-14    7.17481e-14    4.66241e-14    4.21108e-14    4.04446e-14    3.90126e-14    4.39648e-14    4.35726e-14    4.49334e-14    3.46782e-14    4.28635e-14    3.50918e-14    3.33407e-14    2.88885e-14    1.98925e-14    1.46364e-14    8.52674e-15    6.13114e-15    3.99575e-15    3.34858e-15    2.93164e-15    2.51173e-15    2.40425e-15    2.31109e-15    2.16491e-15    2.50275e-15    2.58091e-15    2.66016e-15    2.94633e-15    3.32064e-15    3.68716e-15    4.31419e-15    5.19240e-15    6.42610e-15    8.05533e-15    1.01271e-14    1.25038e-14    1.53095e-14    1.85024e-14    2.19345e-14    2.55974e-14    2.93765e-14    3.29668e-14    3.59989e-14    3.88466e-14    4.05601e-14    4.22213e-14
-025 ||    1.06344e-13    8.00475e-14    7.40944e-14    4.80949e-14    3.98907e-14    4.07994e-14    3.96745e-14    3.74493e-14    3.96518e-14    3.78679e-14    3.72836e-14    3.12579e-14    3.47784e-14    3.22447e-14    2.82342e-14    2.53511e-14    2.13146e-14    1.63557e-14    1.23961e-14    9.11403e-15    6.26703e-15    5.03972e-15    4.00776e-15    3.48765e-15    3.16892e-15    3.16096e-15    2.94473e-15    3.06058e-15    3.15040e-15    3.33935e-15    3.61208e-15    3.94607e-15    4.39912e-15    5.04465e-15    6.03240e-15    7.48654e-15    9.50343e-15    1.20505e-14    1.49937e-14    1.83469e-14    2.19016e-14    2.56981e-14    2.94542e-14    3.29532e-14    3.59002e-14    3.83862e-14    4.02593e-14    4.21428e-14
-020 ||    1.06438e-13    7.94167e-14    7.64011e-14    5.06782e-14    4.03498e-14    4.06997e-14    3.56017e-14    3.59263e-14    3.85600e-14    3.64084e-14    3.23389e-14    2.71303e-14    2.93905e-14    2.82395e-14    2.73305e-14    2.65390e-14    2.56848e-14    2.40706e-14    2.02473e-14    1.61910e-14    1.16475e-14    8.58219e-15    6.88586e-15    5.60675e-15    4.67062e-15    4.38145e-15    3.89581e-15    3.39720e-15    3.71692e-15    3.78577e-15    3.94485e-15    4.14054e-15    4.63749e-15    5.22412e-15    6.03130e-15    7.34964e-15    9.19209e-15    1.16749e-14    1.48644e-14    1.83175e-14    2.20613e-14    2.58538e-14    2.96212e-14    3.32011e-14    3.56862e-14    3.82830e-14    4.06885e-14    4.23027e-14
-014 ||    1.06418e-13    7.87432e-14    7.95944e-14    5.21680e-14    4.05918e-14    3.76553e-14    3.63600e-14    3.36330e-14    3.28483e-14    3.19107e-14    2.99476e-14    2.54465e-14    2.67579e-14    2.57216e-14    2.57559e-14    2.57162e-14    2.72452e-14    2.83646e-14    2.70044e-14    2.14199e-14    1.75738e-14    1.35865e-14    1.03522e-14    7.94939e-15    6.39762e-15    5.44847e-15    4.81989e-15    4.39245e-15    4.25538e-15    4.08445e-15    4.29335e-15    4.46788e-15    4.94824e-15    5.44454e-15    6.27252e-15    7.46881e-15    9.16679e-15    1.15672e-14    1.47373e-14    1.84799e-14    2.24646e-14    2.62336e-14    2.98256e-14    3.36168e-14    3.57640e-14    3.80294e-14    4.01580e-14    4.23005e-14
-008 ||    1.06475e-13    7.78118e-14    8.13272e-14    5.61063e-14    4.12446e-14    3.60286e-14    3.36218e-14    3.22102e-14    3.07829e-14    2.86581e-14    2.33912e-14    2.50721e-14    2.24968e-14    2.36457e-14    2.34760e-14    2.43672e-14    2.62703e-14    2.78779e-14    2.54332e-14    2.25038e-14    1.89314e-14    1.55102e-14    1.24457e-14    9.79493e-15    7.80276e-15    6.54889e-15    5.74215e-15    5.23458e-15    4.84200e-15    4.31526e-15    4.70722e-15    4.92073e-15    5.25976e-15    5.85341e-15    6.74452e-15    7.90303e-15    9.45608e-15    1.16420e-14    1.47721e-14    1.86473e-14    2.29634e-14    2.66109e-14    3.02707e-14    3.36485e-14    3.56157e-14    3.78984e-14    3.95854e-14    4.22705e-14
-002 ||    1.06361e-13    7.68471e-14    8.22386e-14    5.98432e-14    4.11681e-14    3.46362e-14    3.19882e-14    3.04188e-14    2.72796e-14    2.70279e-14    2.38624e-14    2.26581e-14    2.11380e-14    2.06960e-14    2.10865e-14    2.14820e-14    2.30586e-14    2.25213e-14    2.20249e-14    2.02067e-14    1.79383e-14    1.55998e-14    1.36337e-14    1.14762e-14    9.65313e-15    8.19818e-15    7.11548e-15    6.33072e-15    6.02022e-15    5.78504e-15    5.66390e-15    5.80670e-15    6.14124e-15    6.59322e-15    7.54337e-15    8.47497e-15    9.96744e-15    1.20009e-14    1.49204e-14    1.86859e-14    2.28740e-14    2.68776e-14    3.05351e-14    3.38028e-14    3.54658e-14    3.80756e-14    3.95233e-14    4.22389e-14
+002 ||    1.06413e-13    7.57677e-14    8.29660e-14    6.30798e-14    4.25878e-14    3.34300e-14    3.05293e-14    2.83054e-14    2.65726e-14    2.38013e-14    2.20514e-14    2.09260e-14    1.87072e-14    1.79509e-14    1.71354e-14    1.75861e-14    1.77955e-14    1.80605e-14    1.79688e-14    1.74227e-14    1.61207e-14    1.63134e-14    1.49791e-14    1.34532e-14    1.20682e-14    1.05588e-14    8.91591e-15    8.63683e-15    7.81626e-15    7.38785e-15    7.03471e-15    6.90360e-15    7.17367e-15    7.49219e-15    7.95056e-15    9.10361e-15    1.05860e-14    1.23836e-14    1.50133e-14    1.86316e-14    2.29800e-14    2.70833e-14    3.08818e-14    3.40236e-14    3.54699e-14    3.81073e-14    4.02145e-14    4.22662e-14
+008 ||    1.06437e-13    7.43830e-14    8.30200e-14    6.57640e-14    4.29973e-14    3.27299e-14    2.94365e-14    2.75261e-14    2.55967e-14    2.30053e-14    1.93183e-14    1.96708e-14    1.64591e-14    1.50609e-14    1.39722e-14    1.41363e-14    1.40848e-14    1.45937e-14    1.49720e-14    1.50787e-14    1.47542e-14    1.69581e-14    1.70812e-14    1.61994e-14    1.47408e-14    1.33071e-14    1.21245e-14    1.08418e-14    9.91709e-15    9.24231e-15    8.66754e-15    8.79299e-15    7.79619e-15    8.34495e-15    8.79265e-15    9.60395e-15    1.08989e-14    1.25981e-14    1.49958e-14    1.84465e-14    2.28161e-14    2.71571e-14    3.10334e-14    3.42698e-14    3.58489e-14    3.80737e-14    3.97399e-14    4.22260e-14
+014 ||    1.06456e-13    7.29203e-14    8.24082e-14    6.92521e-14    4.22394e-14    3.31005e-14    2.85580e-14    2.54969e-14    2.42643e-14    2.17640e-14    1.93647e-14    1.68114e-14    1.40173e-14    1.22867e-14    1.11343e-14    1.07927e-14    1.12644e-14    1.19672e-14    1.26918e-14    1.32784e-14    1.44111e-14    1.55788e-14    1.70981e-14    1.70946e-14    1.67011e-14    1.50478e-14    1.42417e-14    1.27497e-14    1.12508e-14    1.07957e-14    9.66650e-15    9.22367e-15    8.79679e-15    8.24354e-15    9.29331e-15    1.01353e-14    1.09262e-14    1.25343e-14    1.46891e-14    1.79878e-14    2.24686e-14    2.71067e-14    3.10536e-14    3.45599e-14    3.62345e-14    3.81817e-14    3.95036e-14    4.22156e-14
+020 ||    1.06452e-13    7.21081e-14    8.15763e-14    7.29656e-14    4.39545e-14    3.06184e-14    2.76931e-14    2.50030e-14    2.37196e-14    2.07415e-14    1.89322e-14    1.55190e-14    1.25693e-14    1.03359e-14    9.35594e-15    9.52856e-15    9.32143e-15    9.76278e-15    1.06394e-14    1.13648e-14    1.18101e-14    1.38648e-14    1.49712e-14    1.47860e-14    1.55382e-14    1.46861e-14    1.34957e-14    1.21240e-14    1.12794e-14    1.03273e-14    9.59543e-15    9.35499e-15    8.93828e-15    9.06091e-15    9.29734e-15    9.66495e-15    1.07389e-14    1.21066e-14    1.42010e-14    1.74169e-14    2.18644e-14    2.68628e-14    3.09968e-14    3.44566e-14    3.62680e-14    3.82982e-14    3.93470e-14    4.22337e-14
+025 ||    1.06450e-13    7.08233e-14    8.02623e-14    7.48776e-14    4.62370e-14    3.04467e-14    2.67983e-14    2.43126e-14    2.35561e-14    2.14531e-14    1.64244e-14    1.37900e-14    1.05395e-14    9.03891e-15    7.70101e-15    8.08247e-15    8.40787e-15    8.60976e-15    9.95291e-15    1.04738e-14    1.15990e-14    1.19600e-14    1.33026e-14    1.31489e-14    1.30385e-14    1.23867e-14    1.22258e-14    1.13954e-14    1.07202e-14    9.89842e-15    9.09990e-15    8.73986e-15    8.28175e-15    8.68827e-15    9.28172e-15    9.37911e-15    1.04095e-14    1.17960e-14    1.35716e-14    1.66840e-14    2.12700e-14    2.63930e-14    3.09170e-14    3.46037e-14    3.67431e-14    3.85451e-14    3.89756e-14    4.22053e-14
+031 ||    1.06447e-13    6.97436e-14    7.89473e-14    7.65522e-14    4.45747e-14    2.83479e-14    2.60585e-14    2.49204e-14    2.31058e-14    2.09633e-14    1.83106e-14    1.29772e-14    1.03432e-14    8.55465e-15    8.31145e-15    7.75319e-15    7.71574e-15    8.56910e-15    8.48548e-15    1.01081e-14    9.67573e-15    1.05817e-14    1.11244e-14    1.14579e-14    1.16295e-14    1.08096e-14    1.02551e-14    9.96364e-15    9.33102e-15    8.96618e-15    8.31804e-15    8.43197e-15    8.11560e-15    8.08363e-15    9.23255e-15    8.78302e-15    9.91717e-15    1.15162e-14    1.29499e-14    1.60295e-14    2.06970e-14    2.60422e-14    3.06434e-14    3.45239e-14    3.72653e-14    3.87053e-14    3.96199e-14    4.22878e-14
+037 ||    1.06462e-13    6.94104e-14    7.75518e-14    7.68630e-14    4.55442e-14    2.94909e-14    2.27210e-14    2.45263e-14    2.40795e-14    2.15404e-14    1.78882e-14    1.39752e-14    1.16907e-14    1.01229e-14    8.95212e-15    8.78297e-15    9.02892e-15    9.10092e-15    9.66875e-15    9.56999e-15    1.01227e-14    8.88858e-15    1.01720e-14    1.00875e-14    9.34427e-15    9.60477e-15    9.74974e-15    8.47058e-15    8.72388e-15    8.28472e-15    7.78465e-15    7.52688e-15    7.40348e-15    7.52100e-15    7.64375e-15    8.02347e-15    9.06626e-15    1.03929e-14    1.23757e-14    1.55794e-14    2.01975e-14    2.58510e-14    3.04833e-14    3.45965e-14    3.74744e-14    3.89846e-14    3.94495e-14    4.21746e-14
+042 ||    1.06497e-13    7.20782e-14    7.55431e-14    7.70557e-14    4.58908e-14    2.69945e-14    2.36569e-14    2.47027e-14    2.42463e-14    2.26184e-14    1.93278e-14    1.74918e-14    1.76247e-14    1.43349e-14    1.26574e-14    1.13363e-14    9.97267e-15    1.04483e-14    1.03047e-14    9.60414e-15    9.18049e-15    8.68100e-15    8.96878e-15    9.06429e-15    9.37221e-15    9.50073e-15    8.22371e-15    8.03159e-15    7.69840e-15    7.84528e-15    7.34024e-15    7.33060e-15    7.24202e-15    7.07904e-15    7.63250e-15    7.59963e-15    8.82784e-15    1.00403e-14    1.20516e-14    1.53125e-14    2.00292e-14    2.53839e-14    3.03452e-14    3.44824e-14    3.75402e-14    3.92078e-14    3.91478e-14    4.22260e-14
+048 ||    1.06453e-13    7.28823e-14    7.41489e-14    7.61571e-14    4.54237e-14    2.66394e-14    2.40041e-14    2.37233e-14    2.59545e-14    2.49176e-14    2.34554e-14    1.99657e-14    1.92610e-14    1.73159e-14    1.65155e-14    1.73018e-14    1.36549e-14    1.16080e-14    1.06490e-14    9.71328e-15    9.36738e-15    8.91800e-15    9.01658e-15    8.61295e-15    8.35654e-15    7.76933e-15    7.29952e-15    7.16662e-15    6.97162e-15    6.56653e-15    6.46642e-15    6.70045e-15    6.68238e-15    6.90973e-15    7.54774e-15    7.51798e-15    8.43600e-15    9.87494e-15    1.20565e-14    1.54702e-14    2.02108e-14    2.54384e-14    3.03339e-14    3.44665e-14    3.76340e-14    3.89623e-14    3.95834e-14    4.22105e-14
+054 ||    1.06464e-13    7.27996e-14    7.26690e-14    7.55127e-14    4.58436e-14    2.61368e-14    2.36416e-14    2.40957e-14    2.60896e-14    2.84518e-14    3.01571e-14    2.96720e-14    3.13170e-14    2.96235e-14    2.41409e-14    1.98179e-14    1.67929e-14    1.34349e-14    1.13216e-14    9.74726e-15    9.01878e-15    9.10084e-15    8.26219e-15    7.50817e-15    7.28978e-15    6.84003e-15    6.61362e-15    6.23285e-15    6.53715e-15    6.07658e-15    6.33152e-15    6.52417e-15    6.53944e-15    6.99083e-15    7.52752e-15    7.63003e-15    8.57467e-15    1.00021e-14    1.22248e-14    1.57583e-14    2.05281e-14    2.56677e-14    3.04044e-14    3.45151e-14    3.77432e-14    3.93463e-14    3.96166e-14    4.21975e-14
+060 ||    1.06473e-13    7.26801e-14    7.11019e-14    7.51962e-14    4.57369e-14    2.57827e-14    2.33445e-14    2.61819e-14    3.26755e-14    3.33999e-14    3.95470e-14    4.93890e-14    4.98193e-14    4.54104e-14    3.74518e-14    2.55845e-14    2.14176e-14    1.44963e-14    1.12075e-14    1.03767e-14    9.52447e-15    8.15706e-15    7.32883e-15    6.68219e-15    6.27479e-15    5.85934e-15    5.68340e-15    5.46724e-15    5.57982e-15    5.54798e-15    6.15221e-15    6.01350e-15    6.47369e-15    6.66097e-15    7.08020e-15    7.69727e-15    8.77191e-15    1.02874e-14    1.28117e-14    1.65123e-14    2.12401e-14    2.60702e-14    3.06845e-14    3.47623e-14    3.78034e-14    3.86084e-14    3.96309e-14    4.23221e-14
+065 ||    1.06481e-13    7.23163e-14    6.95546e-14    7.41029e-14    4.56421e-14    2.56730e-14    2.44833e-14    2.90979e-14    3.76112e-14    4.78092e-14    6.06085e-14    6.59980e-14    6.49967e-14    5.87207e-14    4.41741e-14    3.13743e-14    1.98989e-14    1.64282e-14    1.19308e-14    1.02518e-14    8.60661e-15    7.50817e-15    6.93896e-15    6.39360e-15    5.76837e-15    5.53942e-15    5.38061e-15    5.25511e-15    5.28890e-15    5.67996e-15    5.73832e-15    5.91143e-15    6.37786e-15    6.72164e-15    7.26650e-15    8.05130e-15    9.19062e-15    1.10227e-14    1.38107e-14    1.76058e-14    2.20927e-14    2.67116e-14    3.11177e-14    3.49842e-14    3.80521e-14    3.97645e-14    3.99916e-14    4.22449e-14
+071 ||    1.06494e-13    7.35943e-14    6.81427e-14    7.29183e-14    4.38311e-14    2.57859e-14    2.54435e-14    3.23874e-14    4.46475e-14    6.14574e-14    7.39500e-14    7.69264e-14    7.35947e-14    6.27312e-14    4.55910e-14    3.07798e-14    2.24853e-14    1.39863e-14    1.20003e-14    9.88032e-15    8.67830e-15    7.66826e-15    6.70474e-15    6.28513e-15    5.57762e-15    5.34535e-15    5.29066e-15    5.33027e-15    5.50928e-15    5.52333e-15    5.60321e-15    6.22516e-15    6.43105e-15    7.01714e-15    7.68453e-15    8.65155e-15    1.00124e-14    1.21648e-14    1.52161e-14    1.90105e-14    2.32829e-14    2.75796e-14    3.16385e-14    3.53907e-14    3.83855e-14    4.00812e-14    3.98989e-14    4.22142e-14
+077 ||    1.06509e-13    7.60380e-14    6.72328e-14    7.18988e-14    4.47869e-14    2.48196e-14    2.63264e-14    3.81695e-14    5.80587e-14    7.42624e-14    8.25705e-14    8.28619e-14    7.60518e-14    6.17564e-14    4.15205e-14    2.94397e-14    2.06339e-14    1.56944e-14    1.23341e-14    9.89068e-15    8.84054e-15    7.63651e-15    6.72492e-15    6.28714e-15    5.77106e-15    5.80461e-15    5.73008e-15    5.76990e-15    5.75161e-15    6.13639e-15    6.30847e-15    6.37080e-15    7.16667e-15    7.74965e-15    8.56548e-15    9.73727e-15    1.14493e-14    1.39228e-14    1.70963e-14    2.06834e-14    2.46532e-14    2.84985e-14    3.22814e-14    3.58337e-14    3.86712e-14    4.01162e-14    4.01737e-14    4.23278e-14
+082 ||    1.06512e-13    8.01935e-14    6.66306e-14    7.12538e-14    4.53037e-14    2.75444e-14    3.33409e-14    4.76655e-14    6.89092e-14    7.95262e-14    8.60457e-14    8.46429e-14    7.32944e-14    5.51016e-14    3.60298e-14    2.51134e-14    2.17520e-14    1.46214e-14    1.16644e-14    8.91059e-15    8.81799e-15    7.92274e-15    6.70145e-15    6.29669e-15    6.77877e-15    5.75722e-15    6.05001e-15    6.22700e-15    6.39786e-15    6.61879e-15    6.89865e-15    7.53799e-15    8.05663e-15    8.84802e-15    9.91781e-15    1.14887e-14    1.36484e-14    1.63623e-14    1.94581e-14    2.27025e-14    2.61188e-14    2.95909e-14    3.29720e-14    3.62763e-14    3.90118e-14    4.06384e-14    4.01407e-14    4.23017e-14
+088 ||    1.06496e-13    8.25606e-14    6.54214e-14    6.98630e-14    4.66456e-14    3.29815e-14    3.78737e-14    5.83637e-14    7.74029e-14    8.39257e-14    8.45528e-14    8.35902e-14    6.73451e-14    4.57021e-14    3.20216e-14    2.33361e-14    1.68591e-14    1.30769e-14    1.09262e-14    9.25563e-15    8.67338e-15    7.51232e-15    7.34130e-15    6.54795e-15    6.39598e-15    6.41380e-15    6.66480e-15    6.73949e-15    6.99102e-15    7.36559e-15    7.89534e-15    8.49775e-15    9.38553e-15    1.05631e-14    1.20384e-14    1.40853e-14    1.63938e-14    1.91154e-14    2.19571e-14    2.46991e-14    2.77769e-14    3.05039e-14    3.38231e-14    3.67977e-14    3.94403e-14    4.07851e-14    4.03943e-14    4.22603e-14
+094 ||    1.06495e-13    8.42953e-14    6.45204e-14    6.89793e-14    4.74317e-14    3.54479e-14    4.29220e-14    6.76184e-14    8.03200e-14    8.58259e-14    8.24133e-14    7.40837e-14    5.66644e-14    3.63285e-14    2.77316e-14    1.99825e-14    1.56825e-14    1.24289e-14    1.11828e-14    9.42636e-15    8.70063e-15    7.87440e-15    7.46805e-15    6.92104e-15    6.93623e-15    6.61909e-15    7.01032e-15    7.28772e-15    7.71351e-15    8.28685e-15    9.09001e-15    1.01375e-14    1.14300e-14    1.31295e-14    1.51482e-14    1.74278e-14    1.97664e-14    2.21393e-14    2.45085e-14    2.69043e-14    2.94283e-14    3.20670e-14    3.48908e-14    3.73777e-14    3.97290e-14    4.10201e-14    3.96482e-14    4.22918e-14
+100 ||    1.06514e-13    8.48790e-14    6.40651e-14    6.89537e-14    4.90657e-14    3.90413e-14    5.28496e-14    7.64786e-14    8.36329e-14    8.61923e-14    8.12713e-14    6.66189e-14    4.65201e-14    3.17724e-14    2.12362e-14    1.70858e-14    1.44958e-14    1.18828e-14    1.07378e-14    9.29489e-15    8.68163e-15    8.19688e-15    7.76027e-15    7.62020e-15    7.47703e-15    7.44328e-15    7.54954e-15    8.11026e-15    8.58206e-15    9.92918e-15    1.11738e-14    1.27272e-14    1.45577e-14    1.66588e-14    1.88659e-14    2.10035e-14    2.30869e-14    2.50783e-14    2.70498e-14    2.90586e-14    3.10929e-14    3.33782e-14    3.56716e-14    3.80235e-14    4.01567e-14    4.09178e-14    4.07703e-14    4.22986e-14
+105 ||    1.06513e-13    8.62155e-14    6.33939e-14    6.93293e-14    5.51110e-14    4.49532e-14    6.40483e-14    8.11966e-14    8.53345e-14    8.58252e-14    7.83398e-14    5.51153e-14    3.71213e-14    2.66811e-14    2.06420e-14    1.64734e-14    1.33573e-14    1.12629e-14    1.04083e-14    9.21868e-15    8.84618e-15    8.35043e-15    8.03168e-15    8.26438e-15    8.00874e-15    8.18515e-15    8.80219e-15    9.56050e-15    1.09022e-14    1.23928e-14    1.42848e-14    1.62944e-14    1.83280e-14    2.02790e-14    2.22419e-14    2.41975e-14    2.60318e-14    2.77368e-14    2.93149e-14    3.09625e-14    3.26879e-14    3.45386e-14    3.66738e-14    3.86319e-14    4.05474e-14    4.16380e-14    4.11167e-14    4.23039e-14
+111 ||    1.06523e-13    8.69805e-14    6.23728e-14    6.85228e-14    5.87746e-14    5.64449e-14    7.30013e-14    8.47994e-14    8.67608e-14    8.39278e-14    7.48686e-14    4.75955e-14    3.37513e-14    2.58240e-14    1.91882e-14    1.54928e-14    1.27719e-14    1.12045e-14    9.88418e-15    9.34103e-15    8.97293e-15    8.86220e-15    8.96992e-15    9.02487e-15    9.28917e-15    1.00195e-14    1.12576e-14    1.22516e-14    1.38704e-14    1.58680e-14    1.76785e-14    1.95709e-14    2.15371e-14    2.33194e-14    2.52063e-14    2.68575e-14    2.84906e-14    2.99014e-14    3.13437e-14    3.27668e-14    3.41060e-14    3.57981e-14    3.75219e-14    3.92815e-14    4.11042e-14    4.14598e-14    4.14091e-14    4.23137e-14
+117 ||    1.06535e-13    8.89225e-14    6.23943e-14    6.83148e-14    6.39560e-14    6.58607e-14    7.97171e-14    8.62699e-14    8.76527e-14    8.36963e-14    6.80863e-14    4.40062e-14    3.18002e-14    2.35178e-14    1.78304e-14    1.49696e-14    1.25293e-14    1.09758e-14    1.01429e-14    9.58045e-15    9.65288e-15    9.58858e-15    9.78256e-15    1.07773e-14    1.13907e-14    1.32299e-14    1.37410e-14    1.55270e-14    1.70751e-14    1.87179e-14    2.03809e-14    2.21800e-14    2.39581e-14    2.56357e-14    2.71229e-14    2.90067e-14    3.04334e-14    3.16967e-14    3.30857e-14    3.40434e-14    3.53891e-14    3.68319e-14    3.84409e-14    3.99746e-14    4.14550e-14    4.21243e-14    4.06153e-14    4.23169e-14
+122 ||    1.06574e-13    9.08100e-14    6.95466e-14    6.94538e-14    6.95840e-14    7.43629e-14    8.46418e-14    9.00151e-14    8.98857e-14    8.38293e-14    6.21394e-14    3.84410e-14    2.62953e-14    2.02447e-14    1.73772e-14    1.46704e-14    1.29609e-14    1.14963e-14    1.11154e-14    1.06133e-14    1.09528e-14    1.14716e-14    1.26101e-14    1.33434e-14    1.44280e-14    1.52170e-14    1.66060e-14    1.78860e-14    1.94797e-14    2.08776e-14    2.24949e-14    2.39279e-14    2.54501e-14    2.70626e-14    2.88000e-14    3.03456e-14    3.16591e-14    3.28829e-14    3.42348e-14    3.53053e-14    3.65522e-14    3.77891e-14    3.92627e-14    4.06215e-14    4.20356e-14    4.26334e-14    4.17824e-14    4.23143e-14
+128 ||    1.06517e-13    9.30285e-14    7.60048e-14    7.06114e-14    7.48383e-14    8.17578e-14    8.79899e-14    8.98943e-14    8.96757e-14    7.93392e-14    5.95818e-14    3.43513e-14    2.55501e-14    2.22578e-14    1.78647e-14    1.63222e-14    1.41861e-14    1.39917e-14    1.24003e-14    1.32167e-14    1.26435e-14    1.32547e-14    1.42600e-14    1.54637e-14    1.66673e-14    1.75203e-14    1.90338e-14    1.96779e-14    2.10897e-14    2.23161e-14    2.34551e-14    2.49673e-14    2.64186e-14    2.78672e-14    2.96699e-14    3.10596e-14    3.22906e-14    3.37364e-14    3.50956e-14    3.62059e-14    3.73419e-14    3.85783e-14    3.99978e-14    4.11799e-14    4.23993e-14    4.29523e-14    4.23422e-14    4.23221e-14
+134 ||    1.06432e-13    9.50302e-14    7.96776e-14    7.17146e-14    7.71139e-14    8.61507e-14    8.95325e-14    9.09648e-14    8.95323e-14    7.34138e-14    4.82274e-14    3.32729e-14    2.56203e-14    2.21739e-14    1.98917e-14    1.86579e-14    1.60972e-14    1.50115e-14    1.43494e-14    1.43382e-14    1.45173e-14    1.50272e-14    1.67589e-14    1.73706e-14    1.83741e-14    1.90647e-14    1.97736e-14    2.02713e-14    2.10228e-14    2.18225e-14    2.28810e-14    2.49923e-14    2.68039e-14    2.83924e-14    2.97610e-14    3.12254e-14    3.26982e-14    3.41454e-14    3.56770e-14    3.68534e-14    3.81428e-14    3.94115e-14    4.07250e-14    4.18323e-14    4.28607e-14    4.33244e-14    4.27910e-14    4.23247e-14
+140 ||    1.06399e-13    9.67180e-14    8.49278e-14    7.23483e-14    8.01213e-14    8.85440e-14    9.14490e-14    9.01407e-14    8.61178e-14    6.43099e-14    4.13267e-14    3.16018e-14    2.89317e-14    2.46489e-14    2.27218e-14    2.18101e-14    1.89257e-14    1.65995e-14    1.55337e-14    1.48458e-14    1.58788e-14    1.71974e-14    1.78143e-14    1.79088e-14    1.91065e-14    1.95399e-14    2.00244e-14    2.04325e-14    2.04943e-14    2.14802e-14    2.24480e-14    2.40477e-14    2.54388e-14    2.80467e-14    2.99771e-14    3.13579e-14    3.03542e-14    3.44834e-14    3.53086e-14    3.72139e-14    3.87048e-14    4.00971e-14    4.12447e-14    4.23859e-14    4.32297e-14    4.35863e-14    4.29520e-14    4.23507e-14
+145 ||    1.06443e-13    9.83789e-14    8.73822e-14    7.36812e-14    8.23114e-14    9.00369e-14    9.02991e-14    8.76191e-14    7.69613e-14    5.50862e-14    3.98185e-14    3.62900e-14    3.07744e-14    2.79578e-14    2.36187e-14    2.13615e-14    1.93572e-14    1.75879e-14    1.68987e-14    1.56353e-14    1.60473e-14    1.56695e-14    1.83774e-14    1.84284e-14    1.91162e-14    2.01311e-14    2.04423e-14    2.05459e-14    2.10393e-14    2.00279e-14    2.56889e-14    2.27542e-14    2.51290e-14    2.78359e-14    2.96337e-14    3.13783e-14    3.28946e-14    3.46402e-14    3.61834e-14    3.77652e-14    3.92989e-14    4.06423e-14    4.19396e-14    4.29094e-14    4.36285e-14    4.37795e-14    4.31207e-14    4.23292e-14
+151 ||    1.06511e-13    9.99827e-14    9.31718e-14    8.05749e-14    8.42051e-14    9.10102e-14    8.87042e-14    7.91175e-14    6.34760e-14    5.03888e-14    4.10546e-14    3.58878e-14    3.29192e-14    3.03465e-14    2.56327e-14    2.25519e-14    2.01543e-14    1.73031e-14    1.56308e-14    1.54916e-14    1.51860e-14    1.67677e-14    1.73801e-14    1.86316e-14    1.97219e-14    2.02988e-14    2.07131e-14    2.10847e-14    2.04449e-14    2.09958e-14    2.21994e-14    2.27964e-14    2.66463e-14    2.72853e-14    2.96022e-14    3.12953e-14    3.31181e-14    3.47843e-14    3.64489e-14    3.83043e-14    3.97679e-14    4.13822e-14    4.23783e-14    4.34671e-14    4.39130e-14    4.40619e-14    4.33876e-14    4.23293e-14
+157 ||    1.06529e-13    9.81471e-14    9.10765e-14    7.87122e-14    8.59351e-14    8.92163e-14    8.27476e-14    6.95985e-14    5.40189e-14    4.48904e-14    4.47014e-14    3.72527e-14    3.29657e-14    3.04590e-14    2.51156e-14    2.11349e-14    1.91575e-14    1.71556e-14    1.65626e-14    1.56890e-14    1.57286e-14    1.67273e-14    1.78255e-14    1.84804e-14    1.94893e-14    2.01987e-14    2.07679e-14    2.12107e-14    2.17940e-14    2.23328e-14    2.32158e-14    2.43784e-14    2.59630e-14    2.78106e-14    2.94229e-14    3.13357e-14    3.32782e-14    3.50253e-14    3.67553e-14    3.84592e-14    4.02009e-14    4.15577e-14    4.31480e-14    4.37622e-14    4.42680e-14    4.41416e-14    4.33292e-14    4.23352e-14
+162 ||    1.06507e-13    9.66622e-14    9.28648e-14    7.92852e-14    8.72577e-14    8.73401e-14    7.46475e-14    6.02657e-14    5.19733e-14    4.53941e-14    4.27617e-14    3.68597e-14    3.22030e-14    2.97286e-14    2.45924e-14    2.10972e-14    1.81747e-14    1.66608e-14    1.51025e-14    1.57744e-14    1.55287e-14    1.66464e-14    1.76541e-14    1.84260e-14    1.93254e-14    2.01144e-14    2.04266e-14    2.12767e-14    2.18638e-14    2.26665e-14    2.39086e-14    2.50256e-14    2.60824e-14    2.80518e-14    2.92791e-14    3.14182e-14    3.28889e-14    3.50641e-14    3.68670e-14    3.86923e-14    4.04369e-14    4.20038e-14    4.32931e-14    4.39091e-14    4.45038e-14    4.41999e-14    4.20804e-14    4.23274e-14
+168 ||    1.06258e-13    9.68783e-14    8.99367e-14    8.10920e-14    8.67686e-14    7.91223e-14    6.14160e-14    4.97861e-14    4.72707e-14    4.40362e-14    4.03875e-14    3.51130e-14    3.16419e-14    2.70136e-14    2.38319e-14    1.99749e-14    1.78354e-14    1.55852e-14    1.56435e-14    1.57419e-14    1.58258e-14    1.65781e-14    1.77549e-14    1.82292e-14    1.90452e-14    1.97351e-14    2.03214e-14    2.09310e-14    2.16825e-14    2.26523e-14    2.38288e-14    2.53773e-14    2.69432e-14    2.86177e-14    3.00775e-14    3.17894e-14    3.34653e-14    3.53789e-14    3.73594e-14    3.90935e-14    4.08247e-14    4.26574e-14    4.35976e-14    4.44774e-14    4.47280e-14    4.42951e-14    4.33420e-14    4.23377e-14
+174 ||    1.06288e-13    9.90926e-14    9.00331e-14    8.26390e-14    8.42719e-14    7.11863e-14    4.79523e-14    4.80364e-14    4.52835e-14    4.04624e-14    3.92621e-14    3.50112e-14    2.92984e-14    2.46521e-14    2.15814e-14    1.92403e-14    1.70802e-14    1.57216e-14    1.54195e-14    1.52055e-14    1.53058e-14    1.87922e-14    1.64794e-14    1.76453e-14    1.83741e-14    1.91016e-14    1.96173e-14    2.02965e-14    2.11157e-14    2.22575e-14    2.36463e-14    2.53641e-14    2.69462e-14    2.87641e-14    3.03016e-14    3.19742e-14    3.38734e-14    3.55322e-14    3.74414e-14    3.92517e-14    4.11792e-14    4.26047e-14    4.41497e-14    4.48400e-14    4.49478e-14    4.42715e-14    4.08911e-14    4.23523e-14
+180 ||    1.06494e-13    9.63464e-14    8.49198e-14    8.33422e-14    7.84339e-14    6.00204e-14    4.90892e-14    4.77508e-14    4.45317e-14    4.23113e-14    3.73759e-14    3.39316e-14    2.84178e-14    2.42023e-14    2.02057e-14    1.85494e-14    1.62494e-14    1.48766e-14    1.43769e-14    1.42167e-14    1.40658e-14    1.56005e-14    1.61599e-14    1.65163e-14    1.72761e-14    1.82086e-14    1.89251e-14    2.04141e-14    2.08777e-14    2.18268e-14    2.33807e-14    2.50339e-14    2.66465e-14    2.83378e-14    3.00612e-14    3.18240e-14    3.37868e-14    3.55910e-14    3.74813e-14    3.96374e-14    4.13348e-14    4.30910e-14    4.44512e-14    4.51442e-14    4.50427e-14    4.42635e-14    4.39442e-14    4.23663e-14
##########################################################################################
### MCD_v6.1 with climatology average solar scenario.
### JD 2462225.03833. Altitude 311500.0 m ALS.
### --------------------------------------------------------------------------------------
### Column 1 is East longitude (degrees)
### Columns 2+ are Density RMS day to day variations (kg/m^3)
### Line 1 is North latitude (degrees)
### --------------------------------------------------------------------------------------
### Retrieved on: 2022-12-29T18:07:17.956740
### Mars Climate Database (c) LMD/OU/IAA/ESA/CNES
##########################################################################################
---- ||   -9.00000e+01   -8.61702e+01   -8.23404e+01   -7.85106e+01   -7.46809e+01   -7.08511e+01   -6.70213e+01   -6.31915e+01   -5.93617e+01   -5.55319e+01   -5.17021e+01   -4.78723e+01   -4.40426e+01   -4.02128e+01   -3.63830e+01   -3.25532e+01   -2.87234e+01   -2.48936e+01   -2.10638e+01   -1.72340e+01   -1.34043e+01   -9.57447e+00   -5.74468e+00   -1.91489e+00    1.91489e+00    5.74468e+00    9.57447e+00    1.34043e+01    1.72340e+01    2.10638e+01    2.48936e+01    2.87234e+01    3.25532e+01    3.63830e+01    4.02128e+01    4.40426e+01    4.78723e+01    5.17021e+01    5.55319e+01    5.93617e+01    6.31915e+01    6.70213e+01    7.08511e+01    7.46809e+01    7.85106e+01    8.23404e+01    8.61702e+01    9.00000e+01
-----------------------------------
-180 ||    1.05574e-14    2.16160e-14    3.70469e-14    3.14404e-14    2.55717e-14    2.00073e-14    1.71024e-14    2.25739e-14    2.88215e-14    3.57166e-14    3.89196e-14    3.80336e-14    3.13424e-14    2.43825e-14    1.77929e-14    1.38357e-14    1.04935e-14    8.39859e-15    7.06910e-15    6.11434e-15    5.36390e-15    5.22566e-15    4.91045e-15    4.74212e-15    4.80762e-15    4.96470e-15    5.08889e-15    5.44839e-15    5.61444e-15    5.81669e-15    6.09676e-15    6.34265e-15    6.41458e-15    6.45470e-15    6.45544e-15    6.53754e-15    6.56309e-15    6.67731e-15    6.70285e-15    6.65867e-15    6.41440e-15    6.34090e-15    6.25709e-15    6.27997e-15    6.29477e-15    6.08899e-15    5.75429e-15    5.11997e-15
-174 ||    1.05574e-14    2.08360e-14    3.48713e-14    3.01924e-14    2.25323e-14    1.64196e-14    1.78869e-14    2.40277e-14    3.36649e-14    3.94731e-14    4.43310e-14    3.84454e-14    2.96491e-14    2.35668e-14    1.74700e-14    1.27949e-14    1.08328e-14    8.29614e-15    7.49653e-15    6.59746e-15    5.98244e-15    5.73321e-15    5.51783e-15    5.29362e-15    5.37686e-15    5.42406e-15    5.54791e-15    5.70870e-15    5.86440e-15    5.94800e-15    6.30410e-15    6.38543e-15    6.31868e-15    6.34799e-15    6.37767e-15    6.49725e-15    6.53446e-15    6.61945e-15    6.72957e-15    6.67548e-15    6.39637e-15    6.35836e-15    6.32792e-15    6.44844e-15    6.32694e-15    6.15801e-15    5.58693e-15    5.11627e-15
-168 ||    1.05574e-14    1.56389e-14    3.41888e-14    2.84639e-14    1.88517e-14    1.39830e-14    1.78645e-14    2.66237e-14    3.57064e-14    4.18521e-14    4.70733e-14    3.63837e-14    2.76144e-14    2.19901e-14    1.59394e-14    1.32863e-14    1.08825e-14    8.99904e-15    8.00404e-15    7.22869e-15    6.61541e-15    6.54112e-15    6.04791e-15    5.92249e-15    6.01649e-15    6.07317e-15    6.15092e-15    6.22228e-15    6.31588e-15    6.43024e-15    6.44009e-15    6.40753e-15    6.30036e-15    6.23836e-15    6.30467e-15    6.41669e-15    6.50032e-15    6.54661e-15    6.57983e-15    6.53491e-15    6.44332e-15    6.30930e-15    6.39224e-15    6.49495e-15    6.38238e-15    6.26471e-15    5.60318e-15    5.11829e-15
-162 ||    1.05588e-14    1.39578e-14    3.31833e-14    2.67874e-14    1.64371e-14    1.34877e-14    1.85234e-14    2.71002e-14    3.64721e-14    3.99910e-14    4.23920e-14    3.58237e-14    2.78902e-14    1.97199e-14    1.59142e-14    1.25065e-14    1.03936e-14    9.30086e-15    8.20800e-15    7.66700e-15    7.10208e-15    7.10557e-15    6.57677e-15    6.74814e-15    6.56034e-15    6.72283e-15    6.87324e-15    7.09141e-15    7.18901e-15    7.14561e-15    7.03807e-15    6.81215e-15    6.56166e-15    6.39012e-15    6.36504e-15    6.35695e-15    6.42217e-15    6.52650e-15    6.56329e-15    6.49307e-15    6.39960e-15    6.46923e-15    6.54848e-15    6.60221e-15    6.55746e-15    6.34426e-15    5.74226e-15    5.11725e-15
-157 ||    1.05563e-14    1.32765e-14    3.05049e-14    2.38223e-14    1.24745e-14    1.26073e-14    1.70842e-14    2.57751e-14    3.44772e-14    4.16789e-14    4.39567e-14    3.80624e-14    3.18473e-14    1.94312e-14    1.59768e-14    1.24698e-14    1.08078e-14    9.13575e-15    8.49627e-15    7.96056e-15    7.95550e-15    7.34383e-15    7.38072e-15    7.59625e-15    7.30866e-15    7.75670e-15    7.90108e-15    8.15343e-15    8.35650e-15    8.41667e-15    8.18730e-15    7.75072e-15    7.28481e-15    6.89311e-15    6.67454e-15    6.55040e-15    6.47888e-15    6.49626e-15    6.51143e-15    6.45377e-15    6.33534e-15    6.35330e-15    6.66532e-15    6.69993e-15    6.67162e-15    6.37211e-15    5.76893e-15    5.12110e-15
-151 ||    1.05594e-14    1.34152e-14    2.69080e-14    2.11046e-14    1.17142e-14    1.21382e-14    1.50215e-14    2.25036e-14    3.39369e-14    3.50989e-14    4.21911e-14    3.90438e-14    3.14398e-14    2.37073e-14    1.72853e-14    1.29952e-14    1.06889e-14    9.38816e-15    8.75752e-15    8.51255e-15    8.29249e-15    8.15209e-15    8.29741e-15    8.35115e-15    8.86017e-15    9.10201e-15    9.44848e-15    9.61929e-15    9.72011e-15    9.70577e-15    9.49122e-15    8.96978e-15    8.28841e-15    7.64836e-15    7.12983e-15    6.74286e-15    6.58603e-15    6.52106e-15    6.48570e-15    6.43603e-15    6.42113e-15    6.44864e-15    6.64354e-15    6.76715e-15    6.66120e-15    6.36026e-15    5.75155e-15    5.11837e-15
-145 ||    1.05564e-14    1.18205e-14    2.39187e-14    1.79206e-14    9.98824e-15    9.95283e-15    1.22065e-14    1.77276e-14    2.61890e-14    3.38161e-14    3.85044e-14    3.67505e-14    3.16301e-14    2.64546e-14    1.97834e-14    1.54092e-14    1.20446e-14    1.08506e-14    9.57088e-15    9.21015e-15    9.29492e-15    9.31979e-15    9.52341e-15    1.05059e-14    1.01407e-14    1.10669e-14    1.08543e-14    1.09692e-14    1.09919e-14    1.14154e-14    1.10083e-14    1.03179e-14    9.09857e-15    8.25621e-15    7.54331e-15    6.98993e-15    6.69420e-15    6.55358e-15    6.61382e-15    6.41341e-15    6.38735e-15    6.48676e-15    6.63775e-15    6.75329e-15    6.69680e-15    6.42752e-15    5.63192e-15    5.11692e-15
-140 ||    1.05545e-14    9.36146e-15    2.09228e-14    1.41442e-14    8.56169e-15    8.00698e-15    9.82746e-15    1.38732e-14    1.98855e-14    2.73932e-14    3.05283e-14    3.03018e-14    3.00691e-14    2.59072e-14    2.06802e-14    1.70294e-14    1.40349e-14    1.29042e-14    1.18342e-14    1.15638e-14    1.13769e-14    1.13933e-14    1.16982e-14    1.18525e-14    1.20537e-14    1.23077e-14    1.29138e-14    1.18245e-14    1.01454e-14    1.05728e-14    1.18956e-14    1.12695e-14    9.60834e-15    8.93024e-15    7.49982e-15    7.08820e-15    6.72458e-15    6.55875e-15    6.40512e-15    6.37122e-15    6.40652e-15    6.53163e-15    6.70710e-15    6.84360e-15    6.85443e-15    6.49214e-15    5.76595e-15    5.12205e-15
-134 ||    1.05570e-14    8.89402e-15    1.73882e-14    1.11683e-14    6.83952e-15    6.54644e-15    7.43430e-15    9.59990e-15    1.27556e-14    1.68433e-14    2.20544e-14    2.45252e-14    2.47331e-14    2.19811e-14    1.90361e-14    1.74111e-14    1.60201e-14    1.54066e-14    1.53272e-14    1.55600e-14    1.55195e-14    1.56772e-14    1.59005e-14    1.56669e-14    1.55337e-14    1.58009e-14    1.51447e-14    1.05739e-14    1.64155e-14    1.14513e-14    1.08780e-14    1.22496e-14    9.68237e-15    8.34504e-15    7.43800e-15    6.90714e-15    6.59556e-15    6.44541e-15    6.35459e-15    6.30175e-15    6.35094e-15    6.53198e-15    6.75825e-15    6.95493e-15    6.92366e-15    6.53248e-15    5.78889e-15    5.11901e-15
-128 ||    1.05599e-14    8.83852e-15    1.36398e-14    9.49949e-15    5.98146e-15    5.44380e-15    5.42169e-15    6.40854e-15    8.24125e-15    1.03947e-14    1.41354e-14    1.68467e-14    1.82197e-14    1.86940e-14    1.65446e-14    1.71224e-14    1.66022e-14    1.71116e-14    1.79081e-14    1.88581e-14    1.94496e-14    2.02603e-14    2.15452e-14    2.18438e-14    2.11613e-14    2.05204e-14    1.93975e-14    1.63698e-14    1.21651e-14    1.25623e-14    1.33153e-14    1.15072e-14    9.51004e-15    7.89978e-15    6.97374e-15    6.49452e-15    6.38279e-15    6.29694e-15    6.32079e-15    6.29257e-15    6.36169e-15    6.47924e-15    6.76871e-15    6.93872e-15    6.91422e-15    6.54899e-15    5.69106e-15    5.11831e-15
-122 ||    1.05574e-14    7.07259e-15    1.08366e-14    7.77994e-15    5.08532e-15    4.38858e-15    4.59573e-15    4.85087e-15    5.41818e-15    6.43036e-15    7.91536e-15    1.00704e-14    1.20839e-14    1.33767e-14    1.45332e-14    1.49645e-14    1.61525e-14    1.76073e-14    1.92981e-14    2.02677e-14    2.22527e-14    2.22032e-14    2.32449e-14    2.59890e-14    2.71875e-14    2.72726e-14    2.58588e-14    2.29959e-14    1.97071e-14    1.69741e-14    1.40923e-14    1.12375e-14    8.91227e-15    7.16685e-15    6.15871e-15    5.83486e-15    5.92829e-15    6.08153e-15    6.17905e-15    6.18571e-15    6.27167e-15    6.41916e-15    6.73499e-15    6.98657e-15    6.93887e-15    6.50255e-15    5.75642e-15    5.11725e-15
-117 ||    1.05575e-14    6.34900e-15    8.64704e-15    7.05295e-15    4.63440e-15    3.78564e-15    3.73641e-15    3.72888e-15    3.80077e-15    3.97412e-15    4.32335e-15    5.49090e-15    7.32186e-15    9.28913e-15    1.11835e-14    1.33825e-14    1.48046e-14    1.69968e-14    1.91285e-14    2.07348e-14    2.06183e-14    2.03719e-14    2.39806e-14    2.61972e-14    2.75602e-14    2.92414e-14    2.83553e-14    2.66787e-14    2.31873e-14    1.89460e-14    1.45062e-14    1.07780e-14    8.04364e-15    6.20125e-15    5.36810e-15    5.18359e-15    5.42081e-15    5.78768e-15    5.96498e-15    6.10739e-15    6.21351e-15    6.35871e-15    6.67947e-15    6.91970e-15    6.90570e-15    6.53362e-15    5.69124e-15    5.11940e-15
-111 ||    1.05579e-14    6.19663e-15    6.95099e-15    6.22382e-15    4.53957e-15    3.35095e-15    3.20250e-15    3.21790e-15    3.02719e-15    3.16205e-15    2.67066e-15    3.07938e-15    4.08065e-15    5.83090e-15    7.71483e-15    9.79659e-15    1.20033e-14    1.48337e-14    1.72249e-14    1.95436e-14    2.21538e-14    2.33591e-14    2.44248e-14    2.33775e-14    3.19744e-14    2.71246e-14    2.61593e-14    2.47886e-14    2.24175e-14    1.84947e-14    1.38722e-14    1.06935e-14    7.54041e-15    5.65661e-15    5.05132e-15    4.86896e-15    5.04574e-15    5.45927e-15    5.73216e-15    5.93976e-15    6.07055e-15    6.29350e-15    6.60714e-15    6.83337e-15    6.77123e-15    6.40456e-15    5.63221e-15    5.12017e-15
-105 ||    1.05561e-14    6.00673e-15    5.71125e-15    5.49168e-15    4.34025e-15    3.17989e-15    2.66425e-15    2.77764e-15    2.54538e-15    2.60142e-15    2.13411e-15    2.06871e-15    2.23248e-15    2.89369e-15    4.56133e-15    5.98757e-15    8.11171e-15    1.06951e-14    1.38147e-14    1.64626e-14    1.83459e-14    2.02324e-14    2.04351e-14    2.32091e-14    2.42803e-14    2.40346e-14    2.49701e-14    2.16500e-14    1.79050e-14    1.47314e-14    1.13739e-14    8.46578e-15    6.65148e-15    5.62517e-15    4.74218e-15    4.81512e-15    4.82809e-15    5.22183e-15    5.52490e-15    5.76907e-15    6.04411e-15    6.29530e-15    6.58818e-15    6.82086e-15    6.75324e-15    6.34914e-15    5.57967e-15    5.11869e-15
-100 ||    1.05575e-14    5.71249e-15    5.02135e-15    4.73482e-15    4.30811e-15    3.21202e-15    2.67916e-15    2.58152e-15    2.54914e-15    2.40281e-15    2.14952e-15    1.82836e-15    1.54103e-15    1.53474e-15    1.87101e-15    2.91999e-15    4.92939e-15    6.60370e-15    8.80131e-15    1.10235e-14    1.32063e-14    1.53928e-14    1.69336e-14    1.81878e-14    1.86337e-14    1.83385e-14    1.57926e-14    1.44303e-14    1.30085e-14    1.08760e-14    8.72412e-15    7.03496e-15    6.03298e-15    5.17454e-15    5.02034e-15    4.81867e-15    5.01590e-15    5.16694e-15    5.34064e-15    5.69395e-15    6.00343e-15    6.31859e-15    6.56112e-15    6.79590e-15    6.75595e-15    6.27908e-15    5.56748e-15    5.11930e-15
-094 ||    1.05571e-14    5.67422e-15    4.28751e-15    4.19378e-15    4.49474e-15    3.35112e-15    2.73750e-15    2.53600e-15    2.34328e-15    2.30739e-15    2.08031e-15    1.69954e-15    1.28729e-15    1.26092e-15    1.02492e-15    1.19879e-15    1.76994e-15    2.76919e-15    3.94295e-15    5.11549e-15    6.47483e-15    8.50297e-15    8.35148e-15    1.01773e-14    1.11587e-14    1.16557e-14    1.15820e-14    1.09951e-14    9.79351e-15    8.23861e-15    6.77595e-15    5.84332e-15    5.27407e-15    5.05887e-15    5.03572e-15    5.24485e-15    5.37276e-15    5.44700e-15    5.59082e-15    5.82007e-15    6.13370e-15    6.42446e-15    6.68385e-15    6.80684e-15    6.65856e-15    6.23841e-15    5.52766e-15    5.11769e-15
-088 ||    1.05575e-14    5.58063e-15    3.94600e-15    3.68104e-15    4.54981e-15    3.80896e-15    3.05819e-15    2.81210e-15    2.42706e-15    2.43641e-15    2.05029e-15    1.64034e-15    1.21149e-15    9.88665e-16    8.70024e-16    8.67458e-16    8.97554e-16    1.07440e-15    1.39984e-15    1.80568e-15    2.20042e-15    3.03857e-15    3.53139e-15    4.38739e-15    5.21741e-15    5.98729e-15    6.64682e-15    6.81387e-15    6.60271e-15    6.16829e-15    5.43456e-15    5.07191e-15    4.83255e-15    4.96259e-15    5.06009e-15    5.46637e-15    5.76624e-15    6.05265e-15    6.17863e-15    6.26536e-15    6.43639e-15    6.62539e-15    6.79281e-15    6.81573e-15    6.59306e-15    6.21193e-15    5.42236e-15    5.11783e-15
-082 ||    1.05562e-14    5.57903e-15    3.97112e-15    3.36925e-15    4.72474e-15    4.68839e-15    3.62644e-15    3.24813e-15    2.86627e-15    2.43191e-15    1.79402e-15    1.56250e-15    1.16808e-15    9.77316e-16    8.23448e-16    7.57640e-16    7.50896e-16    7.60465e-16    8.37231e-16    9.81980e-16    1.15988e-15    1.49158e-15    1.86279e-15    2.08790e-15    2.56822e-15    3.08162e-15    3.57463e-15    3.89675e-15    4.11330e-15    4.17286e-15    4.15783e-15    4.19700e-15    4.46060e-15    4.67961e-15    5.05454e-15    5.62718e-15    6.45387e-15    6.93010e-15    7.09937e-15    7.05799e-15    6.97763e-15    6.97319e-15    6.93725e-15    6.83021e-15    6.60772e-15    6.16104e-15    5.39675e-15    5.11584e-15
-077 ||    1.05571e-14    5.82735e-15    3.91757e-15    3.01362e-15    4.62014e-15    5.64308e-15    4.43741e-15    4.15239e-15    3.64054e-15    2.78935e-15    2.25993e-15    1.57144e-15    1.17239e-15    9.33857e-16    9.56260e-16    9.54662e-16    8.78932e-16    9.09743e-16    9.69313e-16    1.08004e-15    1.24619e-15    1.25068e-15    1.77559e-15    1.69868e-15    1.86172e-15    2.02513e-15    2.13138e-15    2.32084e-15    2.53876e-15    2.82567e-15    3.06782e-15    3.47276e-15    3.88390e-15    4.56258e-15    5.22590e-15    6.15840e-15    7.15074e-15    8.04505e-15    8.32834e-15    7.97459e-15    7.61368e-15    7.34776e-15    7.12395e-15    6.90796e-15    6.59387e-15    5.84651e-15    5.33734e-15    5.11557e-15
-071 ||    1.05545e-14    6.02161e-15    3.81664e-15    2.67605e-15    4.00829e-15    6.38782e-15    5.64755e-15    4.44835e-15    4.84828e-15    3.71324e-15    2.39038e-15    1.80875e-15    1.29260e-15    1.09890e-15    1.06724e-15    1.23483e-15    1.23252e-15    1.37619e-15    1.42281e-15    1.56354e-15    1.36140e-15    1.75180e-15    1.64018e-15    1.81512e-15    1.68806e-15    1.63211e-15    1.76134e-15    1.88575e-15    2.12372e-15    2.46600e-15    2.90131e-15    3.25385e-15    3.94491e-15    4.69748e-15    5.61247e-15    6.64211e-15    7.69149e-15    9.03687e-15    9.47505e-15    9.02664e-15    8.33426e-15    7.80814e-15    7.40114e-15    7.03051e-15    6.59692e-15    6.04980e-15    5.35254e-15    5.11584e-15
-065 ||    1.05562e-14    6.10687e-15    3.89900e-15    2.82397e-15    3.77707e-15    6.69975e-15    6.68111e-15    6.17071e-15    6.13758e-15    4.72869e-15    2.86282e-15    2.44110e-15    1.65053e-15    1.48197e-15    1.65758e-15    1.75116e-15    1.74136e-15    1.72167e-15    1.83675e-15    2.15299e-15    1.70919e-15    3.34816e-15    2.61304e-15    2.25470e-15    2.10992e-15    2.04409e-15    2.08955e-15    2.18887e-15    2.39475e-15    2.80837e-15    3.46520e-15    3.99851e-15    4.84838e-15    5.66180e-15    6.61430e-15    7.72862e-15    8.94235e-15    1.05154e-14    1.04127e-14    9.90249e-15    8.93426e-15    8.16543e-15    7.58322e-15    7.04818e-15    6.54656e-15    5.98896e-15    5.31523e-15    5.11309e-15
-060 ||    1.05501e-14    6.54305e-15    4.30541e-15    2.77680e-15    3.47934e-15    6.77082e-15    7.90157e-15    7.77261e-15    7.61691e-15    6.15272e-15    5.05286e-15    3.18911e-15    2.04538e-15    1.95856e-15    2.43478e-15    2.51106e-15    2.34755e-15    2.39128e-15    2.48324e-15    2.80737e-15    1.80189e-15    2.99570e-15    3.08608e-15    3.08890e-15    2.81758e-15    2.86255e-15    3.03498e-15    3.25087e-15    3.62569e-15    4.27769e-15    4.90438e-15    6.05499e-15    6.98662e-15    7.60013e-15    8.45912e-15    9.06788e-15    1.00615e-14    1.07269e-14    1.10937e-14    1.04767e-14    9.44136e-15    8.46227e-15    7.73679e-15    7.08071e-15    6.49008e-15    5.97168e-15    5.33551e-15    5.10951e-15
-054 ||    1.05491e-14    6.74099e-15    4.56139e-15    2.96697e-15    3.29362e-15    6.49834e-15    8.36051e-15    8.70798e-15    9.16601e-15    7.99944e-15    8.03629e-15    4.89373e-15    2.99641e-15    2.75181e-15    3.04013e-15    3.24904e-15    2.99403e-15    2.94584e-15    2.91443e-15    3.52743e-15    4.00110e-15    3.62073e-15    3.81200e-15    3.68742e-15    3.65344e-15    4.08470e-15    4.40044e-15    5.00431e-15    5.77248e-15    6.65992e-15    7.90564e-15    8.91819e-15    9.82570e-15    9.81560e-15    1.01939e-14    1.05441e-14    1.08254e-14    1.12370e-14    1.13295e-14    1.06183e-14    9.53320e-15    8.44566e-15    7.72492e-15    7.05296e-15    6.40651e-15    5.79710e-15    5.29107e-15    5.11160e-15
-048 ||    1.05550e-14    6.63125e-15    4.62652e-15    2.94550e-15    3.12990e-15    5.74945e-15    9.77225e-15    9.28417e-15    8.88458e-15    1.06867e-14    1.01791e-14    6.59313e-15    5.03677e-15    3.87534e-15    3.20534e-15    3.52530e-15    3.60724e-15    3.56108e-15    3.62871e-15    4.06328e-15    3.94135e-15    4.63319e-15    4.49393e-15    4.22487e-15    4.58845e-15    4.80528e-15    5.34050e-15    6.29643e-15    7.59259e-15    8.95973e-15    1.04500e-14    1.14703e-14    1.17560e-14    1.15408e-14    1.10271e-14    1.07621e-14    1.07553e-14    1.08604e-14    1.09090e-14    1.04320e-14    9.39128e-15    8.35540e-15    7.67928e-15    7.04366e-15    6.38690e-15    5.78804e-15    5.23698e-15    5.10984e-15
-042 ||    1.05537e-14    6.92421e-15    4.25770e-15    2.96483e-15    2.96658e-15    5.09438e-15    8.05980e-15    9.33156e-15    9.75946e-15    1.00386e-14    1.16767e-14    8.97947e-15    6.63967e-15    5.14361e-15    5.15519e-15    4.14832e-15    3.90593e-15    3.89231e-15    3.83378e-15    4.36278e-15    3.86965e-15    4.61841e-15    4.62884e-15    4.34198e-15    4.56844e-15    5.09696e-15    5.81424e-15    6.84219e-15    7.89114e-15    9.18239e-15    1.03174e-14    1.10132e-14    1.12616e-14    1.09629e-14    1.04173e-14    1.00807e-14    9.93098e-15    9.90482e-15    9.98445e-15    9.70616e-15    8.90811e-15    8.08161e-15    7.52075e-15    6.95725e-15    6.38199e-15    5.84060e-15    5.28035e-15    5.10542e-15
-037 ||    1.05532e-14    7.46166e-15    4.10633e-15    2.99265e-15    3.06306e-15    4.75340e-15    8.22886e-15    8.65888e-15    9.86650e-15    9.22508e-15    1.05059e-14    8.29456e-15    6.97807e-15    6.92229e-15    5.87696e-15    4.89086e-15    4.45382e-15    4.09304e-15    3.67117e-15    3.71932e-15    3.80122e-15    3.26712e-15    3.62399e-15    3.90892e-15    4.20787e-15    4.04383e-15    5.11781e-15    5.90676e-15    6.90058e-15    7.66842e-15    8.40462e-15    8.88383e-15    9.02980e-15    8.99182e-15    8.72361e-15    8.59018e-15    8.53471e-15    8.60052e-15    8.78084e-15    8.72718e-15    8.31747e-15    7.81180e-15    7.41371e-15    6.93570e-15    6.37587e-15    5.82399e-15    5.30792e-15    5.11420e-15
-031 ||    1.05543e-14    8.12946e-15    4.10205e-15    2.92161e-15    3.09357e-15    4.38866e-15    6.87749e-15    7.83779e-15    8.59883e-15    1.00490e-14    7.56399e-15    7.60520e-15    5.81222e-15    6.37819e-15    6.28690e-15    5.37111e-15    5.01650e-15    3.90135e-15    3.65103e-15    3.06000e-15    3.12579e-15    3.20156e-15    3.07693e-15    3.26082e-15    3.45064e-15    3.49613e-15    4.39882e-15    4.89080e-15    5.31514e-15    5.96032e-15    6.53159e-15    6.73637e-15    6.90105e-15    6.88065e-15    6.80910e-15    6.83557e-15    7.00260e-15    7.23736e-15    7.56495e-15    7.72271e-15    7.62200e-15    7.45977e-15    7.30383e-15    6.94085e-15    6.36618e-15    5.76637e-15    5.26288e-15    5.10463e-15
-025 ||    1.05485e-14    8.19675e-15    4.31971e-15    2.97296e-15    2.89855e-15    4.03923e-15    5.89983e-15    6.31900e-15    8.09600e-15    8.80535e-15    7.73643e-15    5.15323e-15    5.00909e-15    4.90878e-15    4.32882e-15    4.31831e-15    4.54676e-15    4.49362e-15    4.19112e-15    3.68825e-15    3.05779e-15    2.87919e-15    2.64786e-15    2.61714e-15    2.69844e-15    3.02284e-15    3.13354e-15    3.60551e-15    3.99674e-15    4.40724e-15    4.80457e-15    5.08632e-15    5.21971e-15    5.23366e-15    5.21257e-15    5.29113e-15    5.55507e-15    5.98042e-15    6.43974e-15    6.77481e-15    6.93193e-15    7.13291e-15    7.25314e-15    6.99892e-15    6.39873e-15    5.71951e-15    5.21214e-15    5.09635e-15
-020 ||    1.05541e-14    7.66767e-15    4.77893e-15    3.14428e-15    2.83527e-15    3.56939e-15    4.59925e-15    6.12103e-15    8.08727e-15    8.33546e-15    6.45663e-15    4.20957e-15    3.79502e-15    3.30382e-15    2.73473e-15    2.83622e-15    3.55668e-15    4.44951e-15    4.67556e-15    4.26259e-15    3.48047e-15    2.88122e-15    2.58884e-15    2.39891e-15    2.28766e-15    2.44740e-15    2.47867e-15    2.43276e-15    2.93129e-15    3.19732e-15    3.46581e-15    3.65868e-15    3.91115e-15    4.01910e-15    4.05326e-15    4.17512e-15    4.41016e-15    4.84546e-15    5.43529e-15    5.91441e-15    6.39827e-15    6.86224e-15    7.17225e-15    7.05431e-15    6.41071e-15    5.75395e-15    5.28285e-15    5.11326e-15
-014 ||    1.05529e-14    7.56729e-15    5.27765e-15    3.13197e-15    2.67699e-15    2.95650e-15    4.42967e-15    5.89054e-15    6.86560e-15    7.08856e-15    5.77228e-15    3.78667e-15    3.19456e-15    2.42161e-15    1.91251e-15    2.09505e-15    2.93073e-15    3.94096e-15    4.48331e-15    4.02723e-15    3.54363e-15    2.98791e-15    2.51824e-15    2.17791e-15    1.98034e-15    1.91634e-15    1.93423e-15    2.00298e-15    2.17424e-15    2.27803e-15    2.52982e-15    2.70769e-15    2.92334e-15    3.00961e-15    3.15055e-15    3.29142e-15    3.52908e-15    3.95998e-15    4.56584e-15    5.24505e-15    6.03099e-15    6.67898e-15    7.07133e-15    7.08071e-15    6.42122e-15    5.71931e-15    5.22892e-15    5.11303e-15
-008 ||    1.05563e-14    8.05915e-15    5.53332e-15    3.23185e-15    2.42023e-15    2.49609e-15    3.83819e-15    5.46339e-15    6.26857e-15    6.20681e-15    4.36069e-15    3.63030e-15    2.59570e-15    2.05372e-15    1.61691e-15    1.80635e-15    2.50385e-15    3.26366e-15    3.34951e-15    3.02484e-15    2.67335e-15    2.37016e-15    2.07317e-15    1.80213e-15    1.60432e-15    1.52393e-15    1.52621e-15    1.59585e-15    1.67843e-15    1.65015e-15    1.89572e-15    2.03187e-15    2.14507e-15    2.27968e-15    2.45437e-15    2.62526e-15    2.87416e-15    3.25339e-15    3.85892e-15    4.69907e-15    5.75887e-15    6.57099e-15    7.04744e-15    7.04618e-15    6.39205e-15    5.66350e-15    5.11913e-15    5.10984e-15
-002 ||    1.05495e-14    8.43585e-15    5.67816e-15    3.24919e-15    2.14645e-15    2.16756e-15    3.40723e-15    4.89394e-15    5.37221e-15    5.51887e-15    4.12606e-15    3.22415e-15    2.46080e-15    1.84832e-15    1.55386e-15    1.66781e-15    2.15676e-15    2.46949e-15    2.55432e-15    2.31539e-15    2.09151e-15    1.92312e-15    1.76801e-15    1.57704e-15    1.44046e-15    1.36711e-15    1.34468e-15    1.35946e-15    1.45186e-15    1.51931e-15    1.56475e-15    1.63784e-15    1.72299e-15    1.80923e-15    1.99107e-15    2.13190e-15    2.39826e-15    2.74127e-15    3.32466e-15    4.26942e-15    5.44721e-15    6.48728e-15    7.03451e-15    7.06444e-15    6.34278e-15    5.63706e-15    5.06507e-15    5.10652e-15
+002 ||    1.05526e-14    8.48506e-15    6.15442e-15    3.28363e-15    1.99410e-15    1.82420e-15    3.02413e-15    4.28014e-15    4.73869e-15    4.17809e-15    3.61209e-15    3.04906e-15    2.27888e-15    1.70522e-15    1.41780e-15    1.57719e-15    1.84946e-15    2.07306e-15    2.15326e-15    2.11669e-15    2.00750e-15    2.09632e-15    1.98444e-15    1.79732e-15    1.64584e-15    1.51336e-15    1.38045e-15    1.43477e-15    1.40296e-15    1.39868e-15    1.38066e-15    1.38777e-15    1.45012e-15    1.51465e-15    1.60601e-15    1.81736e-15    2.08446e-15    2.40857e-15    3.00112e-15    4.00878e-15    5.30682e-15    6.44758e-15    7.10279e-15    7.10298e-15    6.31187e-15    5.59409e-15    5.09910e-15    5.10940e-15
+008 ||    1.05540e-14    8.34414e-15    6.67209e-15    3.47148e-15    1.98135e-15    1.70688e-15    2.77178e-15    3.56517e-15    3.88525e-15    3.84032e-15    3.29479e-15    3.11087e-15    2.12638e-15    1.56444e-15    1.39811e-15    1.64951e-15    1.85745e-15    2.04234e-15    2.16426e-15    2.23193e-15    2.24945e-15    2.64486e-15    2.73431e-15    2.56048e-15    2.27224e-15    2.00431e-15    1.80799e-15    1.62012e-15    1.49069e-15    1.39510e-15    1.32298e-15    1.36730e-15    1.24740e-15    1.35894e-15    1.46360e-15    1.62806e-15    1.88357e-15    2.25671e-15    2.89087e-15    3.91137e-15    5.25328e-15    6.45568e-15    7.15528e-15    7.14975e-15    6.37471e-15    5.55385e-15    5.02589e-15    5.10515e-15
+014 ||    1.05551e-14    7.97045e-15    7.31864e-15    3.97281e-15    2.09919e-15    1.72767e-15    2.46586e-15    2.88906e-15    3.57553e-15    3.89097e-15    3.69353e-15    2.97649e-15    2.06284e-15    1.57386e-15    1.53694e-15    1.74326e-15    1.98120e-15    2.15814e-15    2.36400e-15    2.54307e-15    2.80230e-15    3.06749e-15    3.37961e-15    3.31319e-15    3.07512e-15    2.63106e-15    2.33546e-15    1.97408e-15    1.65754e-15    1.51321e-15    1.32652e-15    1.27295e-15    1.24120e-15    1.20671e-15    1.39866e-15    1.58505e-15    1.81812e-15    2.26026e-15    2.91286e-15    3.92497e-15    5.26363e-15    6.48524e-15    7.20421e-15    7.19945e-15    6.43070e-15    5.52132e-15    4.96145e-15    5.10405e-15
+020 ||    1.05549e-14    7.51058e-15    7.58433e-15    4.90741e-15    2.24543e-15    1.20564e-15    2.13712e-15    2.85871e-15    3.71479e-15    4.11472e-15    4.22009e-15    3.45831e-15    2.72549e-15    2.19091e-15    2.05974e-15    2.12345e-15    2.03377e-15    2.11355e-15    2.40285e-15    2.73449e-15    2.98402e-15    3.48320e-15    3.66174e-15    3.47562e-15    3.39296e-15    2.97859e-15    2.52786e-15    2.10278e-15    1.81329e-15    1.54453e-15    1.36631e-15    1.31385e-15    1.27247e-15    1.33816e-15    1.43700e-15    1.57573e-15    1.90328e-15    2.36065e-15    3.03064e-15    4.00822e-15    5.30515e-15    6.52357e-15    7.23787e-15    7.16174e-15    6.37625e-15    5.48213e-15    4.90091e-15    5.10597e-15
+025 ||    1.05548e-14    6.92088e-15    7.05323e-15    5.16795e-15    2.17502e-15    8.97532e-16    2.01717e-15    2.93900e-15    4.08982e-15    5.27044e-15    5.04460e-15    4.99505e-15    4.34836e-15    3.76146e-15    2.80072e-15    2.47655e-15    2.20371e-15    2.08353e-15    2.46460e-15    2.82158e-15    3.38132e-15    3.60403e-15    3.88353e-15    3.62014e-15    3.30188e-15    2.86089e-15    2.55885e-15    2.18691e-15    1.90759e-15    1.64922e-15    1.45317e-15    1.39497e-15    1.35313e-15    1.48093e-15    1.66903e-15    1.78208e-15    2.12289e-15    2.57843e-15    3.17165e-15    4.09501e-15    5.39095e-15    6.52432e-15    7.23507e-15    7.15000e-15    6.35556e-15    5.44600e-15    4.83474e-15    5.10296e-15
+031 ||    1.05546e-14    6.56975e-15    6.32656e-15    4.50708e-15    1.76011e-15    7.28441e-16    1.81591e-15    3.38347e-15    5.21332e-15    7.36009e-15    8.99035e-15    7.95289e-15    7.21365e-15    5.58762e-15    4.47977e-15    3.16555e-15    2.42612e-15    2.30190e-15    2.24203e-15    2.87992e-15    3.05263e-15    3.50771e-15    3.62870e-15    3.49816e-15    3.23223e-15    2.71966e-15    2.35105e-15    2.10495e-15    1.85252e-15    1.70976e-15    1.57555e-15    1.64530e-15    1.64993e-15    1.71575e-15    2.04715e-15    2.03626e-15    2.37331e-15    2.83560e-15    3.30778e-15    4.20889e-15    5.46069e-15    6.52852e-15    7.13307e-15    7.07080e-15    6.33734e-15    5.40277e-15    4.90758e-15    5.11169e-15
+037 ||    1.05556e-14    6.48489e-15    5.73168e-15    3.99962e-15    1.67626e-15    7.72252e-16    1.50338e-15    4.53170e-15    7.80606e-15    1.02967e-14    1.11115e-14    1.04623e-14    9.53880e-15    7.48918e-15    5.33530e-15    4.07008e-15    3.32448e-15    2.84706e-15    2.90683e-15    3.03327e-15    3.39646e-15    3.12094e-15    3.43771e-15    3.15998e-15    2.66085e-15    2.46315e-15    2.32303e-15    1.95296e-15    1.96760e-15    1.88532e-15    1.83892e-15    1.86569e-15    1.90846e-15    1.98889e-15    2.06164e-15    2.19954e-15    2.49010e-15    2.85681e-15    3.42759e-15    4.32882e-15    5.46765e-15    6.53980e-15    7.03827e-15    6.98620e-15    6.30054e-15    5.40407e-15    4.89231e-15    5.09970e-15
+042 ||    1.05576e-14    6.66765e-15    5.49991e-15    3.89720e-15    1.89440e-15    8.94249e-16    2.05606e-15    6.35248e-15    9.64918e-15    1.22531e-14    1.28167e-14    1.31630e-14    1.36744e-14    9.72068e-15    7.17613e-15    5.31910e-15    3.97509e-15    3.73719e-15    3.55408e-15    3.35123e-15    3.20407e-15    2.97318e-15    2.90007e-15    2.68428e-15    2.51236e-15    2.38107e-15    2.03973e-15    2.01242e-15    1.99767e-15    2.12575e-15    2.11226e-15    2.19871e-15    2.21069e-15    2.17202e-15    2.32944e-15    2.31335e-15    2.67317e-15    2.98797e-15    3.53965e-15    4.40857e-15    5.48944e-15    6.42481e-15    6.92122e-15    6.84384e-15    6.21822e-15    5.37610e-15    4.84808e-15    5.10515e-15
+048 ||    1.05550e-14    6.56117e-15    5.57518e-15    4.01133e-15    2.33641e-15    1.65708e-15    3.35835e-15    7.01910e-15    1.14410e-14    1.41813e-14    1.52770e-14    1.34511e-14    1.24789e-14    9.91539e-15    8.25280e-15    7.45323e-15    5.24583e-15    4.19169e-15    3.71183e-15    3.30330e-15    3.05451e-15    2.76188e-15    2.62321e-15    2.37849e-15    2.22774e-15    2.05857e-15    1.95830e-15    1.97975e-15    2.02704e-15    2.03073e-15    2.09499e-15    2.21504e-15    2.20494e-15    2.25059e-15    2.42290e-15    2.39597e-15    2.68017e-15    3.07061e-15    3.65642e-15    4.52392e-15    5.54908e-15    6.34407e-15    6.77688e-15    6.66976e-15    6.11502e-15    5.26810e-15    4.89209e-15    5.10350e-15
+054 ||    1.05556e-14    6.54459e-15    5.83221e-15    4.35921e-15    3.29525e-15    2.89210e-15    4.37663e-15    7.44152e-15    1.18658e-14    1.57851e-14    1.81344e-14    1.81415e-14    1.77106e-14    1.49378e-14    1.07593e-14    7.65861e-15    5.73359e-15    4.33375e-15    3.52626e-15    2.94573e-15    2.62718e-15    2.55102e-15    2.29080e-15    2.09767e-15    2.08521e-15    2.02051e-15    2.00302e-15    1.92947e-15    2.07398e-15    2.00493e-15    2.12380e-15    2.19882e-15    2.19827e-15    2.31335e-15    2.44590e-15    2.45079e-15    2.73040e-15    3.15452e-15    3.72694e-15    4.57404e-15    5.52796e-15    6.22953e-15    6.57710e-15    6.46835e-15    5.98088e-15    5.24824e-15    4.85673e-15    5.10214e-15
+060 ||    1.05561e-14    7.05628e-15    6.13285e-15    5.28464e-15    4.83454e-15    3.83603e-15    4.79900e-15    7.66455e-15    1.42571e-14    1.75651e-14    2.26486e-14    2.56934e-14    2.38608e-14    2.01513e-14    1.48119e-14    8.60988e-15    6.21971e-15    4.02752e-15    3.05943e-15    2.75694e-15    2.49621e-15    2.17312e-15    2.01119e-15    1.93068e-15    1.93281e-15    1.91569e-15    1.92683e-15    1.87392e-15    1.91292e-15    1.90241e-15    2.08743e-15    2.04444e-15    2.19617e-15    2.21786e-15    2.28556e-15    2.44987e-15    2.77117e-15    3.22235e-15    3.82845e-15    4.67956e-15    5.51029e-15    6.07901e-15    6.35313e-15    6.26935e-15    5.81467e-15    5.09076e-15    4.81222e-15    5.11530e-15
+065 ||    1.05566e-14    7.46546e-15    6.74512e-15    6.78838e-15    6.55490e-15    4.24114e-15    4.98824e-15    7.93979e-15    1.50150e-14    2.24113e-14    2.74544e-14    2.78650e-14    2.44566e-14    1.95553e-14    1.48305e-14    8.55822e-15    4.93002e-15    3.85250e-15    2.84594e-15    2.46486e-15    2.12631e-15    1.94414e-15    1.90619e-15    1.90738e-15    1.87627e-15    1.91725e-15    1.92561e-15    1.89104e-15    1.88854e-15    2.00130e-15    2.00219e-15    2.05304e-15    2.18952e-15    2.24179e-15    2.32254e-15    2.50902e-15    2.83472e-15    3.33370e-15    3.94670e-15    4.77948e-15    5.45563e-15    5.88708e-15    6.11382e-15    6.01871e-15    5.67685e-15    5.11627e-15    4.82279e-15    5.10714e-15
+071 ||    1.05574e-14    7.81206e-15    8.03817e-15    9.87326e-15    8.11490e-15    4.38435e-15    4.82387e-15    8.07035e-15    1.66702e-14    2.40177e-14    2.84387e-14    2.72057e-14    2.25561e-14    1.69782e-14    1.23317e-14    6.71056e-15    4.47436e-15    2.81838e-15    2.51077e-15    2.19637e-15    2.06171e-15    1.95629e-15    1.85655e-15    1.90657e-15    1.86023e-15    1.90548e-15    1.95470e-15    1.98398e-15    2.03837e-15    2.01626e-15    2.01428e-15    2.20591e-15    2.21993e-15    2.32655e-15    2.41884e-15    2.60997e-15    2.93033e-15    3.44165e-15    4.08674e-15    4.84156e-15    5.37916e-15    5.70333e-15    5.84574e-15    5.77871e-15    5.55487e-15    5.08202e-15    4.81048e-15    5.10390e-15
+077 ||    1.05583e-14    8.45233e-15    1.06512e-14    1.39810e-14    9.52171e-15    4.31212e-15    4.73313e-15    9.11369e-15    1.75808e-14    2.46109e-14    2.72970e-14    2.49669e-14    2.03603e-14    1.52696e-14    9.58522e-15    5.37459e-15    3.35718e-15    2.56716e-15    2.19875e-15    1.98646e-15    1.97559e-15    1.89670e-15    1.85099e-15    1.92020e-15    1.95945e-15    2.14406e-15    2.22811e-15    2.27234e-15    2.24887e-15    2.34114e-15    2.33191e-15    2.26890e-15    2.43530e-15    2.49984e-15    2.60192e-15    2.79196e-15    3.13485e-15    3.65119e-15    4.28492e-15    4.85007e-15    5.21748e-15    5.45760e-15    5.55992e-15    5.55697e-15    5.43165e-15    5.05565e-15    4.85478e-15    5.11591e-15
+082 ||    1.05585e-14    9.81220e-15    1.48155e-14    1.78067e-14    1.07410e-14    5.01544e-15    5.81122e-15    1.11148e-14    1.80025e-14    2.30473e-14    2.46956e-14    2.26245e-14    1.86132e-14    1.38462e-14    7.62961e-15    4.28706e-15    3.19367e-15    2.11796e-15    1.82903e-15    1.62050e-15    1.82392e-15    1.87138e-15    1.80567e-15    1.92482e-15    2.34506e-15    2.23111e-15    2.46831e-15    2.57103e-15    2.59779e-15    2.57750e-15    2.55159e-15    2.62267e-15    2.62090e-15    2.70389e-15    2.82753e-15    3.06498e-15    3.47334e-15    3.96275e-15    4.47926e-15    4.84961e-15    5.03155e-15    5.19514e-15    5.32173e-15    5.37276e-15    5.31503e-15    5.07447e-15    4.86179e-15    5.11313e-15
+088 ||    1.05576e-14    1.10597e-14    1.83157e-14    2.04841e-14    1.17192e-14    6.23333e-15    6.70720e-15    1.16475e-14    1.78166e-14    2.17658e-14    2.26880e-14    2.14509e-14    1.71593e-14    1.14540e-14    6.56985e-15    4.06861e-15    2.64855e-15    1.97752e-15    1.73721e-15    1.66650e-15    1.79276e-15    1.79156e-15    1.98562e-15    2.01944e-15    2.24046e-15    2.47938e-15    2.70890e-15    2.77667e-15    2.80471e-15    2.81225e-15    2.83760e-15    2.80592e-15    2.83989e-15    2.98424e-15    3.14603e-15    3.44723e-15    3.81052e-15    4.23685e-15    4.60939e-15    4.78948e-15    4.88723e-15    4.96052e-15    5.12231e-15    5.19712e-15    5.22246e-15    5.08421e-15    4.89941e-15    5.10877e-15
+094 ||    1.05575e-14    1.19599e-14    2.23290e-14    2.26639e-14    1.24452e-14    6.95799e-15    8.02520e-15    1.25892e-14    1.77430e-14    2.18905e-14    2.26224e-14    2.02045e-14    1.55308e-14    8.83091e-15    5.99560e-15    3.94625e-15    2.87492e-15    2.22003e-15    2.05215e-15    1.89172e-15    1.94412e-15    1.97543e-15    2.09079e-15    2.14769e-15    2.36235e-15    2.43563e-15    2.70154e-15    2.83923e-15    2.91381e-15    2.98937e-15    3.04865e-15    3.05795e-15    3.13141e-15    3.33444e-15    3.56177e-15    3.85001e-15    4.14719e-15    4.46791e-15    4.71663e-15    4.79709e-15    4.81592e-15    4.90089e-15    4.99315e-15    5.07205e-15    5.16059e-15    5.10749e-15    4.83409e-15    5.11211e-15
+100 ||    1.05586e-14    1.34387e-14    2.66309e-14    2.36573e-14    1.26019e-14    7.74017e-15    9.54088e-15    1.38329e-14    1.87294e-14    2.32803e-14    2.41371e-14    2.04630e-14    1.39099e-14    8.52374e-15    5.36027e-15    4.00012e-15    3.19671e-15    2.56396e-15    2.35095e-15    2.13976e-15    2.11903e-15    2.15008e-15    2.19369e-15    2.31595e-15    2.43287e-15    2.55077e-15    2.65843e-15    2.83836e-15    2.87686e-15    3.14759e-15    3.27504e-15    3.34513e-15    3.47431e-15    3.70154e-15    3.93398e-15    4.17013e-15    4.40994e-15    4.64010e-15    4.83574e-15    4.85007e-15    4.77830e-15    4.83074e-15    4.90863e-15    5.04320e-15    5.17142e-15    5.07026e-15    4.94334e-15    5.11283e-15
+105 ||    1.05585e-14    1.55734e-14    3.12810e-14    2.43374e-14    1.35168e-14    9.28233e-15    1.07258e-14    1.47462e-14    1.99259e-14    2.53836e-14    2.65723e-14    2.08126e-14    1.28374e-14    8.73578e-15    6.25764e-15    4.54701e-15    3.42126e-15    2.75806e-15    2.50813e-15    2.25655e-15    2.23271e-15    2.21548e-15    2.24579e-15    2.42509e-15    2.44036e-15    2.52818e-15    2.71570e-15    2.87484e-15    3.11381e-15    3.33089e-15    3.56336e-15    3.68134e-15    3.76161e-15    3.91120e-15    4.08705e-15    4.32160e-15    4.55992e-15    4.77449e-15    4.92794e-15    4.96012e-15    4.82258e-15    4.84799e-15    4.93287e-15    5.07226e-15    5.18813e-15    5.11516e-15    4.96440e-15    5.11338e-15
+111 ||    1.05591e-14    1.71947e-14    3.35490e-14    2.51039e-14    1.43522e-14    1.07286e-14    1.19070e-14    1.57853e-14    2.17817e-14    2.79588e-14    2.97086e-14    2.07790e-14    1.40017e-14    1.03694e-14    7.07064e-15    4.96381e-15    3.55100e-15    2.84898e-15    2.40921e-15    2.25674e-15    2.21049e-15    2.25503e-15    2.36171e-15    2.43343e-15    2.51119e-15    2.67529e-15    2.96543e-15    3.15450e-15    3.41287e-15    3.68491e-15    3.84292e-15    3.90318e-15    3.90180e-15    4.00866e-15    4.17849e-15    4.37847e-15    4.62065e-15    4.82845e-15    4.99731e-15    5.04407e-15    4.91372e-15    4.93137e-15    4.94115e-15    5.08254e-15    5.23761e-15    5.12617e-15    5.03001e-15    5.11442e-15
+117 ||    1.05599e-14    1.88765e-14    3.55656e-14    2.56948e-14    1.58923e-14    1.24899e-14    1.35767e-14    1.71289e-14    2.41295e-14    3.15009e-14    3.19704e-14    2.18038e-14    1.59675e-14    1.14140e-14    7.69234e-15    5.32373e-15    3.61917e-15    2.71784e-15    2.31602e-15    2.14185e-15    2.16696e-15    2.19591e-15    2.29309e-15    2.55104e-15    2.68542e-15    3.07728e-15    3.18647e-15    3.52819e-15    3.72514e-15    3.88773e-15    4.00142e-15    4.05487e-15    4.01950e-15    4.10552e-15    4.21719e-15    4.44963e-15    4.63489e-15    4.85580e-15    5.08880e-15    5.06232e-15    5.04353e-15    5.02950e-15    5.00330e-15    5.12359e-15    5.28714e-15    5.21656e-15    4.96873e-15    5.11474e-15
+122 ||    1.05622e-14    2.14562e-14    3.65304e-14    2.60286e-14    1.77060e-14    1.44826e-14    1.56261e-14    1.96896e-14    2.74355e-14    3.55800e-14    3.40749e-14    2.19593e-14    1.55381e-14    1.14265e-14    8.46357e-15    5.68496e-15    3.84825e-15    2.69879e-15    2.25772e-15    2.05847e-15    2.12462e-15    2.26731e-15    2.55251e-15    2.74891e-15    2.99026e-15    3.16362e-15    3.44808e-15    3.65894e-15    3.85659e-15    3.99083e-15    4.11708e-15    4.12676e-15    4.09119e-15    4.14839e-15    4.30874e-15    4.49641e-15    4.65895e-15    4.82179e-15    5.04392e-15    5.07842e-15    5.09105e-15    5.10067e-15    5.07437e-15    5.19454e-15    5.36026e-15    5.29245e-15    5.14136e-15    5.11449e-15
+128 ||    1.05588e-14    2.26611e-14    3.99280e-14    2.70115e-14    2.01727e-14    1.74011e-14    1.84694e-14    2.23849e-14    3.10377e-14    3.80614e-14    3.53567e-14    2.15515e-14    1.63042e-14    1.33656e-14    9.31008e-15    6.78469e-15    4.48078e-15    3.30213e-15    2.34788e-15    2.19028e-15    2.03203e-15    2.14360e-15    2.36385e-15    2.63673e-15    2.91009e-15    3.13079e-15    3.46506e-15    3.63615e-15    3.87280e-15    3.99046e-15    4.04910e-15    4.10986e-15    4.14359e-15    4.20892e-15    4.36582e-15    4.51589e-15    4.67620e-15    4.84191e-15    5.01717e-15    5.10991e-15    5.18680e-15    5.20197e-15    5.19103e-15    5.24427e-15    5.34881e-15    5.35396e-15    5.25331e-15    5.11531e-15
+134 ||    1.05537e-14    2.32395e-14    3.92548e-14    2.87075e-14    2.20441e-14    1.97721e-14    2.10167e-14    2.60851e-14    3.52630e-14    3.87743e-14    2.91856e-14    2.16906e-14    1.67887e-14    1.35845e-14    1.07226e-14    8.14951e-15    5.46489e-15    3.83965e-15    2.80504e-15    2.25708e-15    1.98037e-15    1.90695e-15    2.10258e-15    2.25695e-15    2.50786e-15    2.75780e-15    3.01357e-15    3.21371e-15    3.39808e-15    3.52957e-15    3.67120e-15    3.92265e-15    4.09522e-15    4.23054e-15    4.35707e-15    4.50782e-15    4.70576e-15    4.88085e-15    5.07608e-15    5.18941e-15    5.30042e-15    5.31211e-15    5.35417e-15    5.33332e-15    5.40054e-15    5.43811e-15    5.32211e-15    5.11558e-15
+140 ||    1.05518e-14    2.37700e-14    3.97861e-14    3.02958e-14    2.52788e-14    2.31663e-14    2.46404e-14    2.97226e-14    3.78264e-14    3.71255e-14    2.56880e-14    2.08410e-14    1.86767e-14    1.49809e-14    1.22895e-14    9.79531e-15    6.79673e-15    4.67542e-15    3.44587e-15    2.67077e-15    2.34233e-15    2.14873e-15    1.99418e-15    1.89585e-15    2.03557e-15    2.20532e-15    2.41860e-15    2.62383e-15    2.75393e-15    2.99116e-15    3.18143e-15    3.45841e-15    3.71663e-15    4.09143e-15    4.36223e-15    4.55272e-15    4.47210e-15    5.00258e-15    5.16241e-15    5.32766e-15    5.37305e-15    5.42504e-15    5.51682e-15    5.46252e-15    5.48581e-15    5.49185e-15    5.34628e-15    5.11834e-15
+145 ||    1.05544e-14    2.36748e-14    3.93321e-14    3.17054e-14    2.68178e-14    2.51144e-14    2.66180e-14    3.21856e-14    3.74366e-14    3.19353e-14    2.55836e-14    2.38187e-14    1.98380e-14    1.69202e-14    1.29077e-14    1.00504e-14    7.51734e-15    5.53137e-15    4.33019e-15    3.35262e-15    2.87332e-15    2.36934e-15    2.35147e-15    2.12269e-15    2.07049e-15    2.16457e-15    2.26879e-15    2.36217e-15    2.50651e-15    2.50499e-15    3.23166e-15    3.04184e-15    3.54369e-15    4.02606e-15    4.28545e-15    4.59079e-15    4.92964e-15    5.21832e-15    5.47634e-15    5.57669e-15    5.56401e-15    5.55425e-15    5.65178e-15    5.59457e-15    5.61533e-15    5.57091e-15    5.41241e-15    5.11605e-15
+151 ||    1.05584e-14    2.40992e-14    4.22935e-14    3.49413e-14    2.97715e-14    2.84949e-14    2.91614e-14    3.16795e-14    3.42130e-14    3.01496e-14    2.72086e-14    2.44551e-14    2.20578e-14    1.90283e-14    1.45586e-14    1.10219e-14    8.29537e-15    6.00766e-15    4.59328e-15    3.84935e-15    3.24582e-15    3.09070e-15    2.83294e-15    2.72599e-15    2.66626e-15    2.61683e-15    2.62213e-15    2.67013e-15    2.64472e-15    2.78355e-15    2.98046e-15    3.13549e-15    3.75174e-15    3.97716e-15    4.37381e-15    4.73400e-15    5.13641e-15    5.47956e-15    5.78479e-15    5.92787e-15    5.86178e-15    5.76020e-15    5.74724e-15    5.69565e-15    5.72461e-15    5.69419e-15    5.50566e-15    5.11605e-15
+157 ||    1.05595e-14    2.33307e-14    4.00629e-14    3.53035e-14    3.07123e-14    2.88095e-14    2.82540e-14    2.99198e-14    2.85138e-14    2.82796e-14    3.08953e-14    2.72567e-14    2.39195e-14    2.05592e-14    1.53012e-14    1.10496e-14    8.45187e-15    6.51469e-15    5.40656e-15    4.43864e-15    3.88957e-15    3.66440e-15    3.52652e-15    3.36564e-15    3.30510e-15    3.24091e-15    3.21303e-15    3.23350e-15    3.35198e-15    3.46254e-15    3.58537e-15    3.73756e-15    4.01449e-15    4.31200e-15    4.62158e-15    5.00966e-15    5.45460e-15    5.79246e-15    6.11660e-15    6.16560e-15    6.07212e-15    5.85648e-15    5.89380e-15    5.81041e-15    5.79359e-15    5.81375e-15    5.57382e-15    5.11669e-15
+162 ||    1.05582e-14    2.33475e-14    3.81275e-14    3.50225e-14    3.24242e-14    2.99385e-14    2.74067e-14    2.76431e-14    2.78114e-14    2.96730e-14    3.16487e-14    2.96588e-14    2.59428e-14    2.23255e-14    1.65788e-14    1.19944e-14    8.70572e-15    6.85905e-15    5.47021e-15    4.99781e-15    4.38540e-15    4.19301e-15    4.04248e-15    3.93303e-15    3.89921e-15    3.87649e-15    3.81622e-15    3.88923e-15    4.00356e-15    4.14660e-15    4.34118e-15    4.51885e-15    4.70967e-15    5.00325e-15    5.12843e-15    5.49844e-15    5.76642e-15    6.10896e-15    6.32223e-15    6.38209e-15    6.19870e-15    5.98078e-15    5.94110e-15    5.92004e-15    5.93747e-15    5.89812e-15    5.43491e-15    5.11587e-15
+168 ||    1.05434e-14    2.20229e-14    3.68442e-14    3.39702e-14    3.07831e-14    2.68457e-14    2.32870e-14    2.18804e-14    2.63278e-14    3.02310e-14    3.27069e-14    3.17219e-14    2.88820e-14    2.30813e-14    1.78079e-14    1.25743e-14    9.32694e-15    6.99194e-15    6.14080e-15    5.48739e-15    4.89754e-15    4.58776e-15    4.49142e-15    4.33779e-15    4.33828e-15    4.31434e-15    4.30968e-15    4.40636e-15    4.58950e-15    4.82165e-15    5.08414e-15    5.35278e-15    5.55008e-15    5.74805e-15    5.87197e-15    6.06552e-15    6.17299e-15    6.37116e-15    6.55936e-15    6.53148e-15    6.30919e-15    6.18714e-15    5.97840e-15    6.09078e-15    6.07306e-15    6.00842e-15    5.64743e-15    5.11695e-15
+174 ||    1.05452e-14    2.23462e-14    3.78483e-14    3.36945e-14    2.94527e-14    2.49338e-14    1.79004e-14    2.18918e-14    2.67041e-14    3.02866e-14    3.62357e-14    3.57543e-14    3.00421e-14    2.33873e-14    1.77879e-14    1.33361e-14    1.00138e-14    7.93760e-15    6.80171e-15    5.90221e-15    5.19548e-15    5.46732e-15    4.49044e-15    4.52575e-15    4.56214e-15    4.63814e-15    4.68837e-15    4.84378e-15    5.10282e-15    5.39688e-15    5.65470e-15    5.95222e-15    6.11764e-15    6.29662e-15    6.32149e-15    6.42192e-15    6.49531e-15    6.58514e-15    6.64857e-15    6.59470e-15    6.39497e-15    6.17403e-15    6.10620e-15    6.19594e-15    6.24426e-15    6.03178e-15    5.38426e-15    5.11851e-15
+180 ||    1.05574e-14    2.16160e-14    3.70469e-14    3.14404e-14    2.55717e-14    2.00073e-14    1.71024e-14    2.25739e-14    2.88215e-14    3.57166e-14    3.89196e-14    3.80336e-14    3.13424e-14    2.43825e-14    1.77929e-14    1.38357e-14    1.04935e-14    8.39859e-15    7.06910e-15    6.11434e-15    5.36390e-15    5.22566e-15    4.91045e-15    4.74212e-15    4.80762e-15    4.96470e-15    5.08889e-15    5.44839e-15    5.61444e-15    5.81669e-15    6.09676e-15    6.34265e-15    6.41458e-15    6.45470e-15    6.45544e-15    6.53754e-15    6.56309e-15    6.67731e-15    6.70285e-15    6.65867e-15    6.41440e-15    6.34090e-15    6.25709e-15    6.27997e-15    6.29477e-15    6.08899e-15    5.75429e-15    5.11997e-15